RootBone: 52
BoneCount: 208
BoneName: mixamorig:Hips
BoneIndex: 0
BoneParentIndex: 52
BoneChildrenCount: 3
53
183
195
1.000000 0.000000 -0.000000 0.000000
0.000000 1.000000 -0.000000 0.000000
-0.000000 -0.000000 1.000000 -0.000000
0.000000 0.953460 -0.005877 1.000000
1.000000 0.000000 -0.000000 0.000000
0.000000 1.000000 -0.000000 0.000000
-0.000000 -0.000000 1.000000 -0.000000
0.000000 -0.952399 0.005877 1.000000
BoneName: mixamorig:Spine
BoneIndex: 1
BoneParentIndex: 55
BoneChildrenCount: 1
2
1.000000 0.000000 -0.000000 0.000000
0.000000 1.000000 -0.000000 0.000000
-0.000000 -0.000000 1.000000 -0.000000
0.000000 0.000000 -0.000000 1.000000
1.000000 0.000000 -0.000000 0.000000
0.000000 0.996192 -0.087185 0.000000
-0.000000 0.087185 0.996192 -0.000000
0.000000 -1.057389 0.088890 1.000000
BoneName: mixamorig:Spine1
BoneIndex: 2
BoneParentIndex: 1
BoneChildrenCount: 1
3
1.000000 0.000000 -0.000000 0.000000
0.000000 1.000000 -0.000000 0.000000
-0.000000 -0.000000 1.000000 -0.000000
0.000000 0.127316 -0.000000 1.000000
1.000000 0.000000 -0.000000 0.000000
0.000000 0.996192 -0.087185 0.000000
-0.000000 0.087185 0.996192 -0.000000
0.000000 -1.184705 0.088890 1.000000
BoneName: mixamorig:Spine2
BoneIndex: 3
BoneParentIndex: 2
BoneChildrenCount: 3
56
59
121
1.000000 0.000000 -0.000000 0.000000
0.000000 1.000000 -0.000000 0.000000
-0.000000 -0.000000 1.000000 -0.000000
0.000000 0.145504 0.000000 1.000000
1.000000 0.000000 -0.000000 0.000000
0.000000 0.996192 -0.087185 0.000000
-0.000000 0.087185 0.996192 -0.000000
0.000000 -1.330209 0.088890 1.000000
BoneName: mixamorig:Neck
BoneIndex: 4
BoneParentIndex: 57
BoneChildrenCount: 1
5
1.000000 0.000000 -0.000000 0.000000
0.000000 1.000000 -0.000000 0.000000
-0.000000 -0.000000 1.000000 -0.000000
0.000000 0.000000 -0.000000 1.000000
1.000000 0.000000 -0.000000 0.000000
0.000000 1.000000 0.000000 0.000000
-0.000000 -0.000000 1.000000 -0.000000
0.000000 -1.495963 -0.041695 1.000000
BoneName: mixamorig:Head
BoneIndex: 5
BoneParentIndex: 4
BoneChildrenCount: 1
58
1.000000 0.000000 -0.000000 0.000000
0.000000 1.000000 -0.000000 0.000000
-0.000000 -0.000000 1.000000 -0.000000
0.000000 0.061167 -0.024233 1.000000
1.000000 0.000000 -0.000000 0.000000
0.000000 1.000000 0.000000 0.000000
-0.000000 -0.000000 1.000000 -0.000000
0.000000 -1.557130 -0.017462 1.000000
BoneName: mixamorig:LeftShoulder
BoneIndex: 6
BoneParentIndex: 61
BoneChildrenCount: 1
62
1.000000 0.000000 -0.000000 0.000000
0.000000 1.000000 -0.000000 0.000000
-0.000000 -0.000000 1.000000 -0.000000
0.000000 0.000000 -0.000000 1.000000
-0.040610 0.968333 0.246338 0.000000
-0.089342 -0.249073 0.964355 0.000000
0.995173 0.017154 0.096628 -0.000000
0.091793 0.292277 -1.445169 1.000000
BoneName: mixamorig:LeftArm
BoneIndex: 7
BoneParentIndex: 64
BoneChildrenCount: 1
65
1.000000 0.000000 -0.000000 0.000000
0.000000 1.000000 -0.000000 0.000000
-0.000000 -0.000000 1.000000 -0.000000
0.000000 0.000000 -0.000000 1.000000
0.001943 0.993489 0.113908 0.000000
-0.100192 -0.113142 0.988514 0.000000
0.994966 -0.013333 0.099319 -0.000000
0.096331 -0.030935 -1.436867 1.000000
BoneName: mixamorig:LeftForeArm
BoneIndex: 8
BoneParentIndex: 67
BoneChildrenCount: 1
68
1.000000 0.000000 -0.000000 0.000000
0.000000 1.000000 -0.000000 0.000000
-0.000000 -0.000000 1.000000 -0.000000
0.000000 0.000000 -0.000000 1.000000
0.026847 0.995987 0.085374 0.000000
-0.102996 -0.082194 0.991280 0.000000
0.994319 -0.035406 0.100376 -0.000000
0.089364 -0.324007 -1.437246 1.000000
BoneName: mixamorig:LeftHand
BoneIndex: 9
BoneParentIndex: 70
BoneChildrenCount: 5
71
81
91
101
111
1.000000 0.000000 -0.000000 0.000000
0.000000 1.000000 -0.000000 0.000000
-0.000000 -0.000000 1.000000 -0.000000
0.000000 0.000000 -0.000000 1.000000
0.113152 0.981742 0.152902 0.000000
0.106177 -0.164957 0.980569 0.000000
0.987888 -0.094719 -0.122904 -0.000000
-0.260071 -0.445409 -1.461144 1.000000
BoneName: mixamorig:LeftHandPinky1
BoneIndex: 10
BoneParentIndex: 113
BoneChildrenCount: 1
114
1.000000 0.000000 -0.000000 0.000000
0.000000 1.000000 -0.000000 0.000000
-0.000000 -0.000000 1.000000 -0.000000
0.000000 0.000000 -0.000000 1.000000
0.007437 0.966398 0.256942 0.000000
0.123221 -0.255876 0.958824 0.000000
0.992351 0.024530 -0.120984 -0.000000
-0.233181 -0.410131 -1.514341 1.000000
BoneName: mixamorig:RightShoulder
BoneIndex: 11
BoneParentIndex: 123
BoneChildrenCount: 1
124
1.000000 0.000000 -0.000000 0.000000
0.000000 1.000000 -0.000000 0.000000
-0.000000 -0.000000 1.000000 -0.000000
0.000000 0.000000 -0.000000 1.000000
-0.004638 -0.968333 -0.249619 0.000000
0.086643 -0.249072 0.964602 0.000000
-0.996229 -0.017154 0.085055 -0.000000
-0.088166 0.293706 -1.445014 1.000000
BoneName: mixamorig:RightArm
BoneIndex: 12
BoneParentIndex: 126
BoneChildrenCount: 1
127
1.000000 0.000000 -0.000000 0.000000
0.000000 1.000000 -0.000000 0.000000
-0.000000 -0.000000 1.000000 -0.000000
0.000000 0.000000 -0.000000 1.000000
-0.047804 -0.992819 -0.109663 0.000000
0.075453 -0.113064 0.990719 0.000000
-0.996003 0.039086 0.080316 -0.000000
-0.070654 -0.033350 -1.438305 1.000000
BoneName: mixamorig:RightForeArm
BoneIndex: 13
BoneParentIndex: 129
BoneChildrenCount: 1
130
1.000000 0.000000 -0.000000 0.000000
0.000000 1.000000 -0.000000 0.000000
-0.000000 -0.000000 1.000000 -0.000000
0.000000 0.000000 -0.000000 1.000000
0.030594 -0.995910 -0.085015 0.000000
0.084130 -0.082187 0.993060 0.000000
-0.995985 -0.037534 0.081271 -0.000000
-0.060705 -0.323875 -1.438783 1.000000
BoneName: mixamorig:RightHand
BoneIndex: 14
BoneParentIndex: 132
BoneChildrenCount: 5
133
143
153
163
173
1.000000 0.000000 -0.000000 0.000000
0.000000 1.000000 -0.000000 0.000000
-0.000000 -0.000000 1.000000 -0.000000
0.000000 0.000000 -0.000000 1.000000
0.112986 -0.980137 -0.162990 0.000000
-0.081916 -0.172671 0.981567 0.000000
-0.990214 -0.097552 -0.099798 -0.000000
0.226241 -0.433517 -1.470319 1.000000
BoneName: mixamorig:RightHandPinky1
BoneIndex: 15
BoneParentIndex: 175
BoneChildrenCount: 1
176
1.000000 0.000000 -0.000000 0.000000
0.000000 1.000000 -0.000000 0.000000
-0.000000 -0.000000 1.000000 -0.000000
0.000000 0.000000 -0.000000 1.000000
-0.061729 -0.967938 -0.243487 0.000000
-0.111098 -0.235773 0.965437 0.000000
-0.991890 0.086646 -0.092982 -0.000000
0.160155 -0.437899 -1.513244 1.000000
BoneName: mixamorig:LeftUpLeg
BoneIndex: 16
BoneParentIndex: 185
BoneChildrenCount: 1
186
1.000000 0.000000 -0.000000 0.000000
0.000000 1.000000 -0.000000 0.000000
-0.000000 -0.000000 1.000000 -0.000000
0.000000 0.000000 -0.000000 1.000000
-1.000000 -0.000000 0.000000 0.000000
0.000000 -0.999927 0.012085 0.000000
-0.000000 0.012085 0.999927 -0.000000
0.134003 0.891922 -0.012170 1.000000
BoneName: mixamorig:LeftLeg
BoneIndex: 17
BoneParentIndex: 188
BoneChildrenCount: 1
189
1.000000 0.000000 -0.000000 0.000000
0.000000 1.000000 -0.000000 0.000000
-0.000000 -0.000000 1.000000 -0.000000
0.000000 0.000000 -0.000000 1.000000
-0.999186 0.040249 -0.002722 0.000000
-0.040338 -0.996021 0.079462 0.000000
0.000488 0.079507 0.996834 -0.000000
0.153309 0.473572 -0.044220 1.000000
BoneName: mixamorig:LeftFoot
BoneIndex: 18
BoneParentIndex: 191
BoneChildrenCount: 1
192
1.000000 0.000000 -0.000000 0.000000
0.000000 1.000000 -0.000000 0.000000
-0.000000 -0.000000 1.000000 -0.000000
0.000000 0.000000 -0.000000 1.000000
-0.997923 0.064107 0.006242 0.000000
-0.044075 -0.608995 -0.791949 0.000000
-0.046968 -0.790579 0.610555 -0.000000
0.155240 0.089197 0.069265 1.000000
BoneName: mixamorig:LeftToeBase
BoneIndex: 19
BoneParentIndex: 193
BoneChildrenCount: 1
194
1.000000 0.000000 -0.000000 0.000000
0.000000 1.000000 -0.000000 0.000000
-0.000000 -0.000000 1.000000 -0.000000
0.000000 0.000000 -0.000000 1.000000
-0.997722 0.063486 0.022801 0.000000
-0.022449 0.006246 -0.999729 0.000000
-0.063611 -0.997963 -0.004807 -0.000000
0.153292 -0.115270 0.003407 1.000000
BoneName: mixamorig:RightUpLeg
BoneIndex: 20
BoneParentIndex: 197
BoneChildrenCount: 1
198
1.000000 0.000000 -0.000000 0.000000
0.000000 1.000000 -0.000000 0.000000
-0.000000 -0.000000 1.000000 -0.000000
0.000000 0.000000 -0.000000 1.000000
-1.000000 -0.000000 0.000000 0.000000
0.000000 -0.999920 0.012655 0.000000
-0.000000 0.012655 0.999920 -0.000000
-0.134003 0.891906 -0.013383 1.000000
BoneName: mixamorig:RightLeg
BoneIndex: 21
BoneParentIndex: 200
BoneChildrenCount: 1
201
1.000000 0.000000 -0.000000 0.000000
0.000000 1.000000 -0.000000 0.000000
-0.000000 -0.000000 1.000000 -0.000000
0.000000 0.000000 -0.000000 1.000000
-0.999186 -0.040263 0.002513 0.000000
0.040339 -0.996377 0.074872 0.000000
-0.000511 0.074912 0.997190 -0.000000
-0.153308 0.473700 -0.042976 1.000000
BoneName: mixamorig:RightFoot
BoneIndex: 22
BoneParentIndex: 203
BoneChildrenCount: 1
204
1.000000 0.000000 -0.000000 0.000000
0.000000 1.000000 -0.000000 0.000000
-0.000000 -0.000000 1.000000 -0.000000
0.000000 0.000000 -0.000000 1.000000
-0.997933 -0.058461 0.026672 0.000000
0.014389 -0.607835 -0.793933 0.000000
0.062627 -0.791909 0.607420 -0.000000
-0.152306 0.089350 0.074963 1.000000
BoneName: mixamorig:RightToeBase
BoneIndex: 23
BoneParentIndex: 205
BoneChildrenCount: 1
206
1.000000 0.000000 -0.000000 0.000000
0.000000 1.000000 -0.000000 0.000000
-0.000000 -0.000000 1.000000 -0.000000
0.000000 0.000000 -0.000000 1.000000
-0.996877 -0.078729 0.006139 0.000000
-0.006639 0.006086 -0.999959 0.000000
0.078689 -0.996877 -0.006589 -0.000000
-0.150268 -0.118832 0.007801 1.000000
BoneName: mixamorig:LeftHandThumb1
BoneIndex: 24
BoneParentIndex: 73
BoneChildrenCount: 1
74
1.000000 0.000000 -0.000000 0.000000
0.000000 1.000000 -0.000000 0.000000
-0.000000 -0.000000 1.000000 -0.000000
0.000000 0.000000 -0.000000 1.000000
0.592250 0.732350 0.336010 0.000000
0.008636 -0.422759 0.906201 0.000000
0.805708 -0.533796 -0.256704 -0.000000
-0.440002 0.054609 -1.479666 1.000000
BoneName: mixamorig:LeftHandThumb2
BoneIndex: 25
BoneParentIndex: 76
BoneChildrenCount: 1
77
1.000000 0.000000 -0.000000 0.000000
0.000000 1.000000 -0.000000 0.000000
-0.000000 -0.000000 1.000000 -0.000000
0.000000 0.000000 -0.000000 1.000000
0.592250 0.651604 0.473974 0.000000
0.008636 -0.593337 0.804908 0.000000
0.805708 -0.472614 -0.357031 -0.000000
-0.432786 0.310295 -1.446884 1.000000
BoneName: mixamorig:LeftHandThumb3
BoneIndex: 26
BoneParentIndex: 79
BoneChildrenCount: 1
80
1.000000 0.000000 -0.000000 0.000000
0.000000 1.000000 -0.000000 0.000000
-0.000000 -0.000000 1.000000 -0.000000
0.000000 0.000000 -0.000000 1.000000
0.592250 0.758419 0.272103 0.000000
0.008636 -0.343655 0.939056 0.000000
0.805708 -0.553806 -0.210080 -0.000000
-0.433103 -0.143360 -1.465531 1.000000
BoneName: mixamorig:LeftHandIndex1
BoneIndex: 27
BoneParentIndex: 83
BoneChildrenCount: 1
84
1.000000 0.000000 -0.000000 0.000000
0.000000 1.000000 -0.000000 0.000000
-0.000000 -0.000000 1.000000 -0.000000
0.000000 0.000000 -0.000000 1.000000
0.212183 0.969952 0.119044 0.000000
0.088892 -0.140470 0.986086 0.000000
0.973179 -0.198649 -0.116026 -0.000000
-0.279192 -0.573447 -1.441132 1.000000
BoneName: mixamorig:LeftHandIndex2
BoneIndex: 28
BoneParentIndex: 86
BoneChildrenCount: 1
87
1.000000 0.000000 -0.000000 0.000000
0.000000 1.000000 -0.000000 0.000000
-0.000000 -0.000000 1.000000 -0.000000
0.000000 0.000000 -0.000000 1.000000
0.212183 0.928348 0.305202 0.000000
0.088892 -0.329354 0.940013 0.000000
0.973179 -0.172325 -0.152406 -0.000000
-0.279551 -0.315318 -1.531564 1.000000
BoneName: mixamorig:LeftHandIndex3
BoneIndex: 29
BoneParentIndex: 89
BoneChildrenCount: 1
90
1.000000 0.000000 -0.000000 0.000000
0.000000 1.000000 -0.000000 0.000000
-0.000000 -0.000000 1.000000 -0.000000
0.000000 0.000000 -0.000000 1.000000
0.212183 0.921171 0.326223 0.000000
0.088892 -0.350634 0.932284 0.000000
0.973179 -0.168817 -0.156283 -0.000000
-0.279380 -0.313546 -1.539088 1.000000
BoneName: mixamorig:LeftHandMiddle1
BoneIndex: 30
BoneParentIndex: 93
BoneChildrenCount: 1
94
1.000000 0.000000 -0.000000 0.000000
0.000000 1.000000 -0.000000 0.000000
-0.000000 -0.000000 1.000000 -0.000000
0.000000 0.000000 -0.000000 1.000000
0.098587 0.982249 0.159588 0.000000
0.108611 -0.170032 0.979435 0.000000
0.989184 -0.079227 -0.123446 -0.000000
-0.241561 -0.549749 -1.465638 1.000000
BoneName: mixamorig:LeftHandMiddle2
BoneIndex: 31
BoneParentIndex: 96
BoneChildrenCount: 1
97
1.000000 0.000000 -0.000000 0.000000
0.000000 1.000000 -0.000000 0.000000
-0.000000 -0.000000 1.000000 -0.000000
0.000000 0.000000 -0.000000 1.000000
0.098587 0.949040 0.299338 0.000000
0.108611 -0.309268 0.944753 0.000000
0.989184 -0.060629 -0.133566 -0.000000
-0.241789 -0.367519 -1.534536 1.000000
BoneName: mixamorig:LeftHandMiddle3
BoneIndex: 32
BoneParentIndex: 99
BoneChildrenCount: 1
100
1.000000 0.000000 -0.000000 0.000000
0.000000 1.000000 -0.000000 0.000000
-0.000000 -0.000000 1.000000 -0.000000
0.000000 0.000000 -0.000000 1.000000
0.098587 0.946153 0.308343 0.000000
0.108611 -0.318232 0.941771 0.000000
0.989184 -0.059357 -0.134136 -0.000000
-0.241675 -0.386255 -1.538276 1.000000
BoneName: mixamorig:LeftHandRing1
BoneIndex: 33
BoneParentIndex: 103
BoneChildrenCount: 1
104
1.000000 0.000000 -0.000000 0.000000
0.000000 1.000000 -0.000000 0.000000
-0.000000 -0.000000 1.000000 -0.000000
0.000000 0.000000 -0.000000 1.000000
0.056119 0.955327 0.290175 0.000000
0.115550 -0.294895 0.948517 0.000000
0.991715 -0.019700 -0.126937 -0.000000
-0.240242 -0.362134 -1.528671 1.000000
BoneName: mixamorig:LeftHandRing2
BoneIndex: 34
BoneParentIndex: 106
BoneChildrenCount: 1
107
1.000000 0.000000 -0.000000 0.000000
0.000000 1.000000 -0.000000 0.000000
-0.000000 -0.000000 1.000000 -0.000000
0.000000 0.000000 -0.000000 1.000000
0.056119 0.949165 0.309736 0.000000
0.115550 -0.314314 0.942260 0.000000
0.991715 -0.017088 -0.127315 -0.000000
-0.240167 -0.358143 -1.536351 1.000000
BoneName: mixamorig:LeftHandRing3
BoneIndex: 35
BoneParentIndex: 109
BoneChildrenCount: 1
110
1.000000 0.000000 -0.000000 0.000000
0.000000 1.000000 -0.000000 0.000000
-0.000000 -0.000000 1.000000 -0.000000
0.000000 0.000000 -0.000000 1.000000
0.056119 0.990188 0.127975 0.000000
0.115550 -0.133757 0.984255 0.000000
0.991715 -0.040447 -0.121923 -0.000000
-0.240059 -0.663619 -1.438086 1.000000
BoneName: mixamorig:LeftHandPinky2
BoneIndex: 36
BoneParentIndex: 116
BoneChildrenCount: 1
117
1.000000 0.000000 -0.000000 0.000000
0.000000 1.000000 -0.000000 0.000000
-0.000000 -0.000000 1.000000 -0.000000
0.000000 0.000000 -0.000000 1.000000
0.007437 0.899215 0.437443 0.000000
0.123221 -0.434946 0.891986 0.000000
0.992351 0.047268 -0.114037 -0.000000
-0.233240 -0.139229 -1.570156 1.000000
BoneName: mixamorig:LeftHandPinky3
BoneIndex: 37
BoneParentIndex: 119
BoneChildrenCount: 1
120
1.000000 0.000000 -0.000000 0.000000
0.000000 1.000000 -0.000000 0.000000
-0.000000 -0.000000 1.000000 -0.000000
0.000000 0.000000 -0.000000 1.000000
0.007437 0.991515 0.129777 0.000000
0.123221 -0.129700 0.983867 0.000000
0.992351 0.008674 -0.123140 -0.000000
-0.233009 -0.653599 -1.437072 1.000000
BoneName: mixamorig:RightHandThumb1
BoneIndex: 38
BoneParentIndex: 135
BoneChildrenCount: 1
136
1.000000 0.000000 -0.000000 0.000000
0.000000 1.000000 -0.000000 0.000000
-0.000000 -0.000000 1.000000 -0.000000
0.000000 0.000000 -0.000000 1.000000
0.586262 -0.720387 -0.370593 0.000000
0.014996 -0.447724 0.894046 0.000000
-0.809983 -0.529703 -0.251681 -0.000000
0.402513 0.096344 -1.486889 1.000000
BoneName: mixamorig:RightHandThumb2
BoneIndex: 39
BoneParentIndex: 138
BoneChildrenCount: 1
139
1.000000 0.000000 -0.000000 0.000000
0.000000 1.000000 -0.000000 0.000000
-0.000000 -0.000000 1.000000 -0.000000
0.000000 0.000000 -0.000000 1.000000
0.586262 -0.670170 -0.455158 0.000000
0.014996 -0.552765 0.833202 0.000000
-0.809983 -0.495300 -0.314015 -0.000000
0.394811 0.239293 -1.468715 1.000000
BoneName: mixamorig:RightHandThumb3
BoneIndex: 40
BoneParentIndex: 141
BoneChildrenCount: 1
142
1.000000 0.000000 -0.000000 0.000000
0.000000 1.000000 -0.000000 0.000000
-0.000000 -0.000000 1.000000 -0.000000
0.000000 0.000000 -0.000000 1.000000
0.586262 -0.769300 -0.253918 0.000000
0.014996 -0.303072 0.952850 0.000000
-0.809983 -0.562427 -0.166143 -0.000000
0.396974 -0.207046 -1.468226 1.000000
BoneName: mixamorig:RightHandIndex1
BoneIndex: 41
BoneParentIndex: 145
BoneChildrenCount: 1
146
1.000000 0.000000 -0.000000 0.000000
0.000000 1.000000 -0.000000 0.000000
-0.000000 -0.000000 1.000000 -0.000000
0.000000 0.000000 -0.000000 1.000000
0.205786 -0.966767 -0.151703 0.000000
-0.065105 -0.168203 0.983600 0.000000
-0.976429 -0.192534 -0.097555 -0.000000
0.241787 -0.536750 -1.463616 1.000000
BoneName: mixamorig:RightHandIndex2
BoneIndex: 42
BoneParentIndex: 148
BoneChildrenCount: 1
149
1.000000 0.000000 -0.000000 0.000000
0.000000 1.000000 -0.000000 0.000000
-0.000000 -0.000000 1.000000 -0.000000
0.000000 0.000000 -0.000000 1.000000
0.205786 -0.927911 -0.310860 0.000000
-0.065105 -0.329937 0.941755 0.000000
-0.976429 -0.173561 -0.128308 -0.000000
0.242028 -0.318248 -1.538265 1.000000
BoneName: mixamorig:RightHandIndex3
BoneIndex: 43
BoneParentIndex: 151
BoneChildrenCount: 1
152
1.000000 0.000000 -0.000000 0.000000
0.000000 1.000000 -0.000000 0.000000
-0.000000 -0.000000 1.000000 -0.000000
0.000000 0.000000 -0.000000 1.000000
0.205786 -0.909095 -0.362213 0.000000
-0.065105 -0.382033 0.921853 0.000000
-0.976429 -0.166122 -0.137804 -0.000000
0.241944 -0.263287 -1.555402 1.000000
BoneName: mixamorig:RightHandMiddle1
BoneIndex: 44
BoneParentIndex: 155
BoneChildrenCount: 1
156
1.000000 0.000000 -0.000000 0.000000
0.000000 1.000000 -0.000000 0.000000
-0.000000 -0.000000 1.000000 -0.000000
0.000000 0.000000 -0.000000 1.000000
0.121642 -0.978556 -0.166231 0.000000
-0.080387 -0.176637 0.980988 0.000000
-0.989314 -0.105966 -0.100150 -0.000000
0.222520 -0.546246 -1.473954 1.000000
BoneName: mixamorig:RightHandMiddle2
BoneIndex: 45
BoneParentIndex: 158
BoneChildrenCount: 1
159
1.000000 0.000000 -0.000000 0.000000
0.000000 1.000000 -0.000000 0.000000
-0.000000 -0.000000 1.000000 -0.000000
0.000000 0.000000 -0.000000 1.000000
0.121642 -0.941219 -0.315134 0.000000
-0.080387 -0.325791 0.942018 0.000000
-0.989314 -0.089256 -0.115292 -0.000000
0.222525 -0.342767 -1.545290 1.000000
BoneName: mixamorig:RightHandMiddle3
BoneIndex: 46
BoneParentIndex: 161
BoneChildrenCount: 1
162
1.000000 0.000000 -0.000000 0.000000
0.000000 1.000000 -0.000000 0.000000
-0.000000 -0.000000 1.000000 -0.000000
0.000000 0.000000 -0.000000 1.000000
0.121642 -0.991754 0.040352 0.000000
-0.080387 0.030677 0.996292 0.000000
-0.989314 -0.124434 -0.075993 -0.000000
0.222273 -0.900023 -1.310850 1.000000
BoneName: mixamorig:RightHandRing1
BoneIndex: 47
BoneParentIndex: 165
BoneChildrenCount: 1
166
1.000000 0.000000 -0.000000 0.000000
0.000000 1.000000 -0.000000 0.000000
-0.000000 -0.000000 1.000000 -0.000000
0.000000 0.000000 -0.000000 1.000000
0.049980 -0.972660 -0.226794 0.000000
-0.092807 -0.230618 0.968608 0.000000
-0.994429 -0.027363 -0.101796 -0.000000
0.203278 -0.474853 -1.503558 1.000000
BoneName: mixamorig:RightHandRing2
BoneIndex: 48
BoneParentIndex: 168
BoneChildrenCount: 1
169
1.000000 0.000000 -0.000000 0.000000
0.000000 1.000000 -0.000000 0.000000
-0.000000 -0.000000 1.000000 -0.000000
0.000000 0.000000 -0.000000 1.000000
0.049980 -0.961983 -0.268496 0.000000
-0.092807 -0.272142 0.957771 0.000000
-0.994429 -0.022951 -0.102880 -0.000000
0.203247 -0.434733 -1.523706 1.000000
BoneName: mixamorig:RightHandRing3
BoneIndex: 49
BoneParentIndex: 171
BoneChildrenCount: 1
172
1.000000 0.000000 -0.000000 0.000000
0.000000 1.000000 -0.000000 0.000000
-0.000000 -0.000000 1.000000 -0.000000
0.000000 0.000000 -0.000000 1.000000
0.049980 -0.997489 -0.050169 0.000000
-0.092807 -0.054653 0.994183 0.000000
-0.994429 -0.045033 -0.095305 -0.000000
0.203169 -0.782348 -1.385483 1.000000
BoneName: mixamorig:RightHandPinky2
BoneIndex: 50
BoneParentIndex: 178
BoneChildrenCount: 1
179
1.000000 0.000000 -0.000000 0.000000
0.000000 1.000000 -0.000000 0.000000
-0.000000 -0.000000 1.000000 -0.000000
0.000000 0.000000 -0.000000 1.000000
-0.061729 -0.920892 -0.384900 0.000000
-0.111098 -0.376899 0.919568 0.000000
-0.991890 0.099526 -0.079044 -0.000000
0.160186 -0.237211 -1.566023 1.000000
BoneName: mixamorig:RightHandPinky3
BoneIndex: 51
BoneParentIndex: 181
BoneChildrenCount: 1
182
1.000000 0.000000 -0.000000 0.000000
0.000000 1.000000 -0.000000 0.000000
-0.000000 -0.000000 1.000000 -0.000000
0.000000 0.000000 -0.000000 1.000000
-0.061729 -0.985993 -0.154940 0.000000
-0.111098 -0.147484 0.982805 0.000000
-0.991890 0.077881 -0.100438 -0.000000
0.160065 -0.627697 -1.458617 1.000000
BoneName: RootNode
BoneIndex: 52
BoneParentIndex: -1
BoneChildrenCount: 2
0
207
1.000000 0.000000 -0.000000 0.000000
0.000000 1.000000 -0.000000 0.000000
-0.000000 -0.000000 1.000000 -0.000000
0.000000 0.000000 -0.000000 1.000000
1.000000 0.000000 0.000000 0.000000
0.000000 1.000000 0.000000 0.000000
0.000000 0.000000 1.000000 0.000000
0.000000 0.000000 0.000000 1.000000
BoneName: mixamorig:Spine_$AssimpFbx$_Translation
BoneIndex: 53
BoneParentIndex: 0
BoneChildrenCount: 1
54
1.000000 0.000000 -0.000000 0.000000
0.000000 1.000000 -0.000000 0.000000
-0.000000 -0.000000 1.000000 -0.000000
0.000000 0.108713 0.009514 1.000000
1.000000 0.000000 0.000000 0.000000
0.000000 1.000000 0.000000 0.000000
0.000000 0.000000 1.000000 0.000000
0.000000 0.000000 0.000000 1.000000
BoneName: mixamorig:Spine_$AssimpFbx$_PreRotation
BoneIndex: 54
BoneParentIndex: 53
BoneChildrenCount: 1
55
1.000000 0.000000 -0.000000 0.000000
0.000000 0.996192 0.087185 0.000000
-0.000000 -0.087185 0.996192 -0.000000
0.000000 0.000000 -0.000000 1.000000
1.000000 0.000000 0.000000 0.000000
0.000000 1.000000 0.000000 0.000000
0.000000 0.000000 1.000000 0.000000
0.000000 0.000000 0.000000 1.000000
BoneName: mixamorig:Spine_$AssimpFbx$_Rotation
BoneIndex: 55
BoneParentIndex: 54
BoneChildrenCount: 1
1
1.000000 0.000000 -0.000000 0.000000
0.000000 1.000000 -0.000000 0.000000
-0.000000 -0.000000 1.000000 -0.000000
0.000000 0.000000 -0.000000 1.000000
1.000000 0.000000 0.000000 0.000000
0.000000 1.000000 0.000000 0.000000
0.000000 0.000000 1.000000 0.000000
0.000000 0.000000 0.000000 1.000000
BoneName: mixamorig:Neck_$AssimpFbx$_Translation
BoneIndex: 56
BoneParentIndex: 3
BoneChildrenCount: 1
57
1.000000 0.000000 -0.000000 0.000000
0.000000 1.000000 -0.000000 0.000000
-0.000000 -0.000000 1.000000 -0.000000
0.000000 0.163692 0.000000 1.000000
1.000000 0.000000 0.000000 0.000000
0.000000 1.000000 0.000000 0.000000
0.000000 0.000000 1.000000 0.000000
0.000000 0.000000 0.000000 1.000000
BoneName: mixamorig:Neck_$AssimpFbx$_PreRotation
BoneIndex: 57
BoneParentIndex: 56
BoneChildrenCount: 1
4
1.000000 0.000000 -0.000000 0.000000
0.000000 0.996192 -0.087185 0.000000
-0.000000 0.087185 0.996192 -0.000000
0.000000 0.000000 -0.000000 1.000000
1.000000 0.000000 0.000000 0.000000
0.000000 1.000000 0.000000 0.000000
0.000000 0.000000 1.000000 0.000000
0.000000 0.000000 0.000000 1.000000
BoneName: mixamorig:HeadTop_End
BoneIndex: 58
BoneParentIndex: 5
BoneChildrenCount: 0
1.000000 0.000000 -0.000000 0.000000
0.000000 1.000000 -0.000000 0.000000
-0.000000 -0.000000 1.000000 -0.000000
0.000000 0.237128 -0.093945 1.000000
1.000000 0.000000 0.000000 0.000000
0.000000 1.000000 0.000000 0.000000
0.000000 0.000000 1.000000 0.000000
0.000000 0.000000 0.000000 1.000000
BoneName: mixamorig:LeftShoulder_$AssimpFbx$_Translation
BoneIndex: 59
BoneParentIndex: 3
BoneChildrenCount: 1
60
1.000000 0.000000 -0.000000 0.000000
0.000000 1.000000 -0.000000 0.000000
-0.000000 -0.000000 1.000000 -0.000000
0.076706 0.142604 0.003437 1.000000
1.000000 0.000000 0.000000 0.000000
0.000000 1.000000 0.000000 0.000000
0.000000 0.000000 1.000000 0.000000
0.000000 0.000000 0.000000 1.000000
BoneName: mixamorig:LeftShoulder_$AssimpFbx$_PreRotation
BoneIndex: 60
BoneParentIndex: 59
BoneChildrenCount: 1
61
-0.040610 -0.002238 0.999173 0.000000
0.968333 -0.246628 0.038804 0.000000
0.246338 0.969108 0.012182 -0.000000
0.000000 0.000000 -0.000000 1.000000
1.000000 0.000000 0.000000 0.000000
0.000000 1.000000 0.000000 0.000000
0.000000 0.000000 1.000000 0.000000
0.000000 0.000000 0.000000 1.000000
BoneName: mixamorig:LeftShoulder_$AssimpFbx$_Rotation
BoneIndex: 61
BoneParentIndex: 60
BoneChildrenCount: 1
6
1.000000 0.000000 -0.000000 0.000000
0.000000 1.000000 -0.000000 0.000000
-0.000000 -0.000000 1.000000 -0.000000
0.000000 0.000000 -0.000000 1.000000
1.000000 0.000000 0.000000 0.000000
0.000000 1.000000 0.000000 0.000000
0.000000 0.000000 1.000000 0.000000
0.000000 0.000000 0.000000 1.000000
BoneName: mixamorig:LeftArm_$AssimpFbx$_Translation
BoneIndex: 62
BoneParentIndex: 6
BoneChildrenCount: 1
63
1.000000 0.000000 -0.000000 0.000000
0.000000 1.000000 -0.000000 0.000000
-0.000000 -0.000000 1.000000 -0.000000
0.002684 0.125835 -0.017170 1.000000
1.000000 0.000000 0.000000 0.000000
0.000000 1.000000 0.000000 0.000000
0.000000 0.000000 1.000000 0.000000
0.000000 0.000000 0.000000 1.000000
BoneName: mixamorig:LeftArm_$AssimpFbx$_PreRotation
BoneIndex: 63
BoneParentIndex: 62
BoneChildrenCount: 1
64
0.999036 0.043904 -0.000000 0.000000
-0.043506 0.989980 0.134337 0.000000
0.005898 -0.134207 0.990936 -0.000000
0.000000 0.000000 -0.000000 1.000000
1.000000 0.000000 0.000000 0.000000
0.000000 1.000000 0.000000 0.000000
0.000000 0.000000 1.000000 0.000000
0.000000 0.000000 0.000000 1.000000
BoneName: mixamorig:LeftArm_$AssimpFbx$_Rotation
BoneIndex: 64
BoneParentIndex: 63
BoneChildrenCount: 1
7
1.000000 0.000000 -0.000000 0.000000
0.000000 1.000000 -0.000000 0.000000
-0.000000 -0.000000 1.000000 -0.000000
0.000000 0.000000 -0.000000 1.000000
1.000000 0.000000 0.000000 0.000000
0.000000 1.000000 0.000000 0.000000
0.000000 0.000000 1.000000 0.000000
0.000000 0.000000 0.000000 1.000000
BoneName: mixamorig:LeftForeArm_$AssimpFbx$_Translation
BoneIndex: 65
BoneParentIndex: 7
BoneChildrenCount: 1
66
1.000000 0.000000 -0.000000 0.000000
0.000000 1.000000 -0.000000 0.000000
-0.000000 -0.000000 1.000000 -0.000000
-0.000091 0.249383 0.009081 1.000000
1.000000 0.000000 0.000000 0.000000
0.000000 1.000000 0.000000 0.000000
0.000000 0.000000 1.000000 0.000000
0.000000 0.000000 0.000000 1.000000
BoneName: mixamorig:LeftForeArm_$AssimpFbx$_PreRotation
BoneIndex: 66
BoneParentIndex: 65
BoneChildrenCount: 1
67
0.999686 0.025068 -0.000000 0.000000
-0.025058 0.999274 0.028684 0.000000
0.000719 -0.028675 0.999589 -0.000000
0.000000 0.000000 -0.000000 1.000000
1.000000 0.000000 0.000000 0.000000
0.000000 1.000000 0.000000 0.000000
0.000000 0.000000 1.000000 0.000000
0.000000 0.000000 0.000000 1.000000
BoneName: mixamorig:LeftForeArm_$AssimpFbx$_Rotation
BoneIndex: 67
BoneParentIndex: 66
BoneChildrenCount: 1
8
1.000000 0.000000 -0.000000 0.000000
0.000000 1.000000 -0.000000 0.000000
-0.000000 -0.000000 1.000000 -0.000000
0.000000 0.000000 -0.000000 1.000000
1.000000 0.000000 0.000000 0.000000
0.000000 1.000000 0.000000 0.000000
0.000000 0.000000 1.000000 0.000000
0.000000 0.000000 0.000000 1.000000
BoneName: mixamorig:LeftHand_$AssimpFbx$_Translation
BoneIndex: 68
BoneParentIndex: 8
BoneChildrenCount: 1
69
1.000000 0.000000 -0.000000 0.000000
0.000000 1.000000 -0.000000 0.000000
-0.000000 -0.000000 1.000000 -0.000000
0.000000 0.248100 0.000000 1.000000
1.000000 0.000000 0.000000 0.000000
0.000000 1.000000 0.000000 0.000000
0.000000 0.000000 1.000000 0.000000
0.000000 0.000000 0.000000 1.000000
BoneName: mixamorig:LeftHand_$AssimpFbx$_PreRotation
BoneIndex: 69
BoneParentIndex: 68
BoneChildrenCount: 1
70
0.974378 0.068993 0.214072 0.000000
-0.050833 0.994715 -0.089210 0.000000
-0.219096 0.076043 0.972736 -0.000000
0.000000 0.000000 -0.000000 1.000000
1.000000 0.000000 0.000000 0.000000
0.000000 1.000000 0.000000 0.000000
0.000000 0.000000 1.000000 0.000000
0.000000 0.000000 0.000000 1.000000
BoneName: mixamorig:LeftHand_$AssimpFbx$_Rotation
BoneIndex: 70
BoneParentIndex: 69
BoneChildrenCount: 1
9
1.000000 0.000000 -0.000000 0.000000
0.000000 1.000000 -0.000000 0.000000
-0.000000 -0.000000 1.000000 -0.000000
0.000000 0.000000 -0.000000 1.000000
1.000000 0.000000 0.000000 0.000000
0.000000 1.000000 0.000000 0.000000
0.000000 0.000000 1.000000 0.000000
0.000000 0.000000 0.000000 1.000000
BoneName: mixamorig:LeftHandThumb1_$AssimpFbx$_Translation
BoneIndex: 71
BoneParentIndex: 9
BoneChildrenCount: 1
72
1.000000 0.000000 -0.000000 0.000000
0.000000 1.000000 -0.000000 0.000000
-0.000000 -0.000000 1.000000 -0.000000
-0.029847 0.033283 -0.010680 1.000000
1.000000 0.000000 0.000000 0.000000
0.000000 1.000000 0.000000 0.000000
0.000000 0.000000 1.000000 0.000000
0.000000 0.000000 0.000000 1.000000
BoneName: mixamorig:LeftHandThumb1_$AssimpFbx$_PreRotation
BoneIndex: 72
BoneParentIndex: 71
BoneChildrenCount: 1
73
0.863880 0.503697 0.000000 0.000000
-0.489351 0.839276 -0.236961 0.000000
-0.119357 0.204706 0.971519 -0.000000
0.000000 0.000000 -0.000000 1.000000
1.000000 0.000000 0.000000 0.000000
0.000000 1.000000 0.000000 0.000000
0.000000 0.000000 1.000000 0.000000
0.000000 0.000000 0.000000 1.000000
BoneName: mixamorig:LeftHandThumb1_$AssimpFbx$_Rotation
BoneIndex: 73
BoneParentIndex: 72
BoneChildrenCount: 1
24
1.000000 0.000000 -0.000000 0.000000
0.000000 1.000000 -0.000000 0.000000
-0.000000 -0.000000 1.000000 -0.000000
0.000000 0.000000 -0.000000 1.000000
1.000000 0.000000 0.000000 0.000000
0.000000 1.000000 0.000000 0.000000
0.000000 0.000000 1.000000 0.000000
0.000000 0.000000 0.000000 1.000000
BoneName: mixamorig:LeftHandThumb2_$AssimpFbx$_Translation
BoneIndex: 74
BoneParentIndex: 24
BoneChildrenCount: 1
75
1.000000 0.000000 -0.000000 0.000000
0.000000 1.000000 -0.000000 0.000000
-0.000000 -0.000000 1.000000 -0.000000
-0.007216 0.036056 -0.000000 1.000000
1.000000 0.000000 0.000000 0.000000
0.000000 1.000000 0.000000 0.000000
0.000000 0.000000 1.000000 0.000000
0.000000 0.000000 0.000000 1.000000
BoneName: mixamorig:LeftHandThumb2_$AssimpFbx$_PreRotation
BoneIndex: 75
BoneParentIndex: 74
BoneChildrenCount: 1
76
1.000000 0.000000 -0.000000 0.000000
0.000000 0.980320 -0.197415 0.000000
-0.000000 0.197415 0.980320 -0.000000
0.000000 0.000000 -0.000000 1.000000
1.000000 0.000000 0.000000 0.000000
0.000000 1.000000 0.000000 0.000000
0.000000 0.000000 1.000000 0.000000
0.000000 0.000000 0.000000 1.000000
BoneName: mixamorig:LeftHandThumb2_$AssimpFbx$_Rotation
BoneIndex: 76
BoneParentIndex: 75
BoneChildrenCount: 1
25
1.000000 0.000000 -0.000000 0.000000
0.000000 1.000000 -0.000000 0.000000
-0.000000 -0.000000 1.000000 -0.000000
0.000000 0.000000 -0.000000 1.000000
1.000000 0.000000 0.000000 0.000000
0.000000 1.000000 0.000000 0.000000
0.000000 0.000000 1.000000 0.000000
0.000000 0.000000 0.000000 1.000000
BoneName: mixamorig:LeftHandThumb3_$AssimpFbx$_Translation
BoneIndex: 77
BoneParentIndex: 25
BoneChildrenCount: 1
78
1.000000 0.000000 -0.000000 0.000000
0.000000 1.000000 -0.000000 0.000000
-0.000000 -0.000000 1.000000 -0.000000
0.000317 0.036687 0.000000 1.000000
1.000000 0.000000 0.000000 0.000000
0.000000 1.000000 0.000000 0.000000
0.000000 0.000000 1.000000 0.000000
0.000000 0.000000 0.000000 1.000000
BoneName: mixamorig:LeftHandThumb3_$AssimpFbx$_PreRotation
BoneIndex: 78
BoneParentIndex: 77
BoneChildrenCount: 1
79
1.000000 0.000000 -0.000000 0.000000
0.000000 0.959829 0.280587 0.000000
-0.000000 -0.280587 0.959829 -0.000000
0.000000 0.000000 -0.000000 1.000000
1.000000 0.000000 0.000000 0.000000
0.000000 1.000000 0.000000 0.000000
0.000000 0.000000 1.000000 0.000000
0.000000 0.000000 0.000000 1.000000
BoneName: mixamorig:LeftHandThumb3_$AssimpFbx$_Rotation
BoneIndex: 79
BoneParentIndex: 78
BoneChildrenCount: 1
26
1.000000 0.000000 -0.000000 0.000000
0.000000 1.000000 -0.000000 0.000000
-0.000000 -0.000000 1.000000 -0.000000
0.000000 0.000000 -0.000000 1.000000
1.000000 0.000000 0.000000 0.000000
0.000000 1.000000 0.000000 0.000000
0.000000 0.000000 1.000000 0.000000
0.000000 0.000000 0.000000 1.000000
BoneName: mixamorig:LeftHandThumb4
BoneIndex: 80
BoneParentIndex: 26
BoneChildrenCount: 0
1.000000 0.000000 -0.000000 0.000000
0.000000 1.000000 -0.000000 0.000000
-0.000000 -0.000000 1.000000 -0.000000
0.006899 0.028474 -0.000000 1.000000
1.000000 0.000000 0.000000 0.000000
0.000000 1.000000 0.000000 0.000000
0.000000 0.000000 1.000000 0.000000
0.000000 0.000000 0.000000 1.000000
BoneName: mixamorig:LeftHandIndex1_$AssimpFbx$_Translation
BoneIndex: 81
BoneParentIndex: 9
BoneChildrenCount: 1
82
1.000000 0.000000 -0.000000 0.000000
0.000000 1.000000 -0.000000 0.000000
-0.000000 -0.000000 1.000000 -0.000000
-0.035356 0.102905 -0.000834 1.000000
1.000000 0.000000 0.000000 0.000000
0.000000 1.000000 0.000000 0.000000
0.000000 0.000000 1.000000 0.000000
0.000000 0.000000 0.000000 1.000000
BoneName: mixamorig:LeftHandIndex1_$AssimpFbx$_PreRotation
BoneIndex: 82
BoneParentIndex: 81
BoneChildrenCount: 1
83
0.994839 0.101468 0.000000 0.000000
-0.101406 0.994230 0.034982 0.000000
0.003550 -0.034801 0.999388 -0.000000
0.000000 0.000000 -0.000000 1.000000
1.000000 0.000000 0.000000 0.000000
0.000000 1.000000 0.000000 0.000000
0.000000 0.000000 1.000000 0.000000
0.000000 0.000000 0.000000 1.000000
BoneName: mixamorig:LeftHandIndex1_$AssimpFbx$_Rotation
BoneIndex: 83
BoneParentIndex: 82
BoneChildrenCount: 1
27
1.000000 0.000000 -0.000000 0.000000
0.000000 1.000000 -0.000000 0.000000
-0.000000 -0.000000 1.000000 -0.000000
0.000000 0.000000 -0.000000 1.000000
1.000000 0.000000 0.000000 0.000000
0.000000 1.000000 0.000000 0.000000
0.000000 0.000000 1.000000 0.000000
0.000000 0.000000 0.000000 1.000000
BoneName: mixamorig:LeftHandIndex2_$AssimpFbx$_Translation
BoneIndex: 84
BoneParentIndex: 27
BoneChildrenCount: 1
85
1.000000 0.000000 -0.000000 0.000000
0.000000 1.000000 -0.000000 0.000000
-0.000000 -0.000000 1.000000 -0.000000
0.000359 0.033391 0.000000 1.000000
1.000000 0.000000 0.000000 0.000000
0.000000 1.000000 0.000000 0.000000
0.000000 0.000000 1.000000 0.000000
0.000000 0.000000 0.000000 1.000000
BoneName: mixamorig:LeftHandIndex2_$AssimpFbx$_PreRotation
BoneIndex: 85
BoneParentIndex: 84
BoneChildrenCount: 1
86
1.000000 0.000000 -0.000000 0.000000
0.000000 0.980949 -0.194263 0.000000
-0.000000 0.194263 0.980949 -0.000000
0.000000 0.000000 -0.000000 1.000000
1.000000 0.000000 0.000000 0.000000
0.000000 1.000000 0.000000 0.000000
0.000000 0.000000 1.000000 0.000000
0.000000 0.000000 0.000000 1.000000
BoneName: mixamorig:LeftHandIndex2_$AssimpFbx$_Rotation
BoneIndex: 86
BoneParentIndex: 85
BoneChildrenCount: 1
28
1.000000 0.000000 -0.000000 0.000000
0.000000 1.000000 -0.000000 0.000000
-0.000000 -0.000000 1.000000 -0.000000
0.000000 0.000000 -0.000000 1.000000
1.000000 0.000000 0.000000 0.000000
0.000000 1.000000 0.000000 0.000000
0.000000 0.000000 1.000000 0.000000
0.000000 0.000000 0.000000 1.000000
BoneName: mixamorig:LeftHandIndex3_$AssimpFbx$_Translation
BoneIndex: 87
BoneParentIndex: 28
BoneChildrenCount: 1
88
1.000000 0.000000 -0.000000 0.000000
0.000000 1.000000 -0.000000 0.000000
-0.000000 -0.000000 1.000000 -0.000000
-0.000171 0.033128 0.000000 1.000000
1.000000 0.000000 0.000000 0.000000
0.000000 1.000000 0.000000 0.000000
0.000000 0.000000 1.000000 0.000000
0.000000 0.000000 0.000000 1.000000
BoneName: mixamorig:LeftHandIndex3_$AssimpFbx$_PreRotation
BoneIndex: 88
BoneParentIndex: 87
BoneChildrenCount: 1
89
1.000000 0.000000 -0.000000 0.000000
0.000000 0.999742 -0.022728 0.000000
-0.000000 0.022728 0.999742 -0.000000
0.000000 0.000000 -0.000000 1.000000
1.000000 0.000000 0.000000 0.000000
0.000000 1.000000 0.000000 0.000000
0.000000 0.000000 1.000000 0.000000
0.000000 0.000000 0.000000 1.000000
BoneName: mixamorig:LeftHandIndex3_$AssimpFbx$_Rotation
BoneIndex: 89
BoneParentIndex: 88
BoneChildrenCount: 1
29
1.000000 0.000000 -0.000000 0.000000
0.000000 1.000000 -0.000000 0.000000
-0.000000 -0.000000 1.000000 -0.000000
0.000000 0.000000 -0.000000 1.000000
1.000000 0.000000 0.000000 0.000000
0.000000 1.000000 0.000000 0.000000
0.000000 0.000000 1.000000 0.000000
0.000000 0.000000 0.000000 1.000000
BoneName: mixamorig:LeftHandIndex4
BoneIndex: 90
BoneParentIndex: 29
BoneChildrenCount: 0
1.000000 0.000000 -0.000000 0.000000
0.000000 1.000000 -0.000000 0.000000
-0.000000 -0.000000 1.000000 -0.000000
-0.000189 0.026934 -0.000000 1.000000
1.000000 0.000000 0.000000 0.000000
0.000000 1.000000 0.000000 0.000000
0.000000 0.000000 1.000000 0.000000
0.000000 0.000000 0.000000 1.000000
BoneName: mixamorig:LeftHandMiddle1_$AssimpFbx$_Translation
BoneIndex: 91
BoneParentIndex: 9
BoneChildrenCount: 1
92
1.000000 0.000000 -0.000000 0.000000
0.000000 1.000000 -0.000000 0.000000
-0.000000 -0.000000 1.000000 -0.000000
-0.010240 0.110656 0.000720 1.000000
1.000000 0.000000 0.000000 0.000000
0.000000 1.000000 0.000000 0.000000
0.000000 0.000000 1.000000 0.000000
0.000000 0.000000 0.000000 1.000000
BoneName: mixamorig:LeftHandMiddle1_$AssimpFbx$_PreRotation
BoneIndex: 92
BoneParentIndex: 91
BoneChildrenCount: 1
93
0.999890 -0.014823 0.000000 0.000000
0.014823 0.999867 -0.006803 0.000000
0.000101 0.006803 0.999977 -0.000000
0.000000 0.000000 -0.000000 1.000000
1.000000 0.000000 0.000000 0.000000
0.000000 1.000000 0.000000 0.000000
0.000000 0.000000 1.000000 0.000000
0.000000 0.000000 0.000000 1.000000
BoneName: mixamorig:LeftHandMiddle1_$AssimpFbx$_Rotation
BoneIndex: 93
BoneParentIndex: 92
BoneChildrenCount: 1
30
1.000000 0.000000 -0.000000 0.000000
0.000000 1.000000 -0.000000 0.000000
-0.000000 -0.000000 1.000000 -0.000000
0.000000 0.000000 -0.000000 1.000000
1.000000 0.000000 0.000000 0.000000
0.000000 1.000000 0.000000 0.000000
0.000000 0.000000 1.000000 0.000000
0.000000 0.000000 0.000000 1.000000
BoneName: mixamorig:LeftHandMiddle2_$AssimpFbx$_Translation
BoneIndex: 94
BoneParentIndex: 30
BoneChildrenCount: 1
95
1.000000 0.000000 -0.000000 0.000000
0.000000 1.000000 -0.000000 0.000000
-0.000000 -0.000000 1.000000 -0.000000
0.000228 0.034865 -0.000000 1.000000
1.000000 0.000000 0.000000 0.000000
0.000000 1.000000 0.000000 0.000000
0.000000 0.000000 1.000000 0.000000
0.000000 0.000000 0.000000 1.000000
BoneName: mixamorig:LeftHandMiddle2_$AssimpFbx$_PreRotation
BoneIndex: 95
BoneParentIndex: 94
BoneChildrenCount: 1
96
1.000000 0.000000 -0.000000 0.000000
0.000000 0.989582 -0.143968 0.000000
-0.000000 0.143968 0.989582 -0.000000
0.000000 0.000000 -0.000000 1.000000
1.000000 0.000000 0.000000 0.000000
0.000000 1.000000 0.000000 0.000000
0.000000 0.000000 1.000000 0.000000
0.000000 0.000000 0.000000 1.000000
BoneName: mixamorig:LeftHandMiddle2_$AssimpFbx$_Rotation
BoneIndex: 96
BoneParentIndex: 95
BoneChildrenCount: 1
31
1.000000 0.000000 -0.000000 0.000000
0.000000 1.000000 -0.000000 0.000000
-0.000000 -0.000000 1.000000 -0.000000
0.000000 0.000000 -0.000000 1.000000
1.000000 0.000000 0.000000 0.000000
0.000000 1.000000 0.000000 0.000000
0.000000 0.000000 1.000000 0.000000
0.000000 0.000000 0.000000 1.000000
BoneName: mixamorig:LeftHandMiddle3_$AssimpFbx$_Translation
BoneIndex: 97
BoneParentIndex: 31
BoneChildrenCount: 1
98
1.000000 0.000000 -0.000000 0.000000
0.000000 1.000000 -0.000000 0.000000
-0.000000 -0.000000 1.000000 -0.000000
-0.000114 0.033338 -0.000000 1.000000
1.000000 0.000000 0.000000 0.000000
0.000000 1.000000 0.000000 0.000000
0.000000 0.000000 1.000000 0.000000
0.000000 0.000000 0.000000 1.000000
BoneName: mixamorig:LeftHandMiddle3_$AssimpFbx$_PreRotation
BoneIndex: 98
BoneParentIndex: 97
BoneChildrenCount: 1
99
1.000000 0.000000 -0.000000 0.000000
0.000000 0.999955 -0.009504 0.000000
-0.000000 0.009504 0.999955 -0.000000
0.000000 0.000000 -0.000000 1.000000
1.000000 0.000000 0.000000 0.000000
0.000000 1.000000 0.000000 0.000000
0.000000 0.000000 1.000000 0.000000
0.000000 0.000000 0.000000 1.000000
BoneName: mixamorig:LeftHandMiddle3_$AssimpFbx$_Rotation
BoneIndex: 99
BoneParentIndex: 98
BoneChildrenCount: 1
32
1.000000 0.000000 -0.000000 0.000000
0.000000 1.000000 -0.000000 0.000000
-0.000000 -0.000000 1.000000 -0.000000
0.000000 0.000000 -0.000000 1.000000
1.000000 0.000000 0.000000 0.000000
0.000000 1.000000 0.000000 0.000000
0.000000 0.000000 1.000000 0.000000
0.000000 0.000000 0.000000 1.000000
