RootBone: 52
BoneCount: 211
BoneName: mixamorig10:Hips
BoneIndex: 0
BoneParentIndex: 52
BoneChildrenCount: 3
53
184
197
1.000000 0.000000 -0.000000 0.000000
0.000000 1.000000 -0.000000 0.000000
-0.000000 -0.000000 1.000000 -0.000000
0.000000 1.022340 -0.011176 1.000000
1.000000 0.000000 -0.000000 0.000000
0.000000 1.000000 -0.000000 0.000000
-0.000000 -0.000000 1.000000 -0.000000
-0.000000 -1.022340 0.011176 1.000000
BoneName: mixamorig10:Spine
BoneIndex: 1
BoneParentIndex: 55
BoneChildrenCount: 1
2
1.000000 0.000000 -0.000000 0.000000
0.000000 1.000000 -0.000000 0.000000
-0.000000 -0.000000 1.000000 -0.000000
0.000000 0.000000 -0.000000 1.000000
1.000000 0.000000 -0.000000 0.000000
0.000000 0.999513 -0.031218 0.000000
-0.000000 0.031218 0.999513 -0.000000
-0.000000 -1.117590 0.043086 1.000000
BoneName: mixamorig10:Spine1
BoneIndex: 2
BoneParentIndex: 1
BoneChildrenCount: 1
3
1.000000 0.000000 -0.000000 0.000000
0.000000 1.000000 -0.000000 0.000000
-0.000000 -0.000000 1.000000 -0.000000
0.000000 0.112113 0.000000 1.000000
1.000000 0.000000 -0.000000 0.000000
0.000000 0.999513 -0.031218 0.000000
-0.000000 0.031218 0.999513 -0.000000
-0.000000 -1.229703 0.043086 1.000000
BoneName: mixamorig10:Spine2
BoneIndex: 3
BoneParentIndex: 2
BoneChildrenCount: 3
56
60
122
1.000000 0.000000 -0.000000 0.000000
0.000000 1.000000 -0.000000 0.000000
-0.000000 -0.000000 1.000000 -0.000000
0.000000 0.128129 -0.000000 1.000000
1.000000 0.000000 -0.000000 0.000000
0.000000 0.999513 -0.031218 0.000000
-0.000000 0.031218 0.999513 -0.000000
-0.000000 -1.357832 0.043086 1.000000
BoneName: mixamorig10:Neck
BoneIndex: 4
BoneParentIndex: 58
BoneChildrenCount: 1
5
1.000000 0.000000 -0.000000 0.000000
0.000000 1.000000 -0.000000 0.000000
-0.000000 -0.000000 1.000000 -0.000000
0.000000 0.000000 -0.000000 1.000000
1.000000 0.000000 -0.000000 0.000000
0.000000 1.000000 -0.000000 0.000000
-0.000000 0.000000 1.000000 -0.000000
-0.000000 -1.502590 -0.003824 1.000000
BoneName: mixamorig10:Head
BoneIndex: 5
BoneParentIndex: 4
BoneChildrenCount: 1
59
1.000000 0.000000 -0.000000 0.000000
0.000000 1.000000 -0.000000 0.000000
-0.000000 -0.000000 1.000000 -0.000000
0.000000 0.081593 -0.020329 1.000000
1.000000 0.000000 -0.000000 0.000000
0.000000 1.000000 -0.000000 0.000000
-0.000000 0.000000 1.000000 -0.000000
-0.000000 -1.584183 0.016505 1.000000
BoneName: mixamorig10:LeftShoulder
BoneIndex: 6
BoneParentIndex: 62
BoneChildrenCount: 1
63
1.000000 0.000000 -0.000000 0.000000
0.000000 1.000000 -0.000000 0.000000
-0.000000 -0.000000 1.000000 -0.000000
0.000000 0.000000 -0.000000 1.000000
-0.016481 0.942743 0.333113 0.000000
-0.031133 -0.333481 0.942243 0.000000
0.999379 0.005158 0.034847 -0.000000
0.042970 0.446060 -1.416275 1.000000
BoneName: mixamorig10:LeftArm
BoneIndex: 7
BoneParentIndex: 65
BoneChildrenCount: 1
66
1.000000 0.000000 -0.000000 0.000000
0.000000 1.000000 -0.000000 0.000000
-0.000000 -0.000000 1.000000 -0.000000
0.000000 0.000000 -0.000000 1.000000
-0.087070 0.995877 0.025473 0.000000
-0.006060 -0.026099 0.999641 0.000000
0.996184 0.086884 0.008307 -0.000000
0.017675 -0.117703 -1.451348 1.000000
BoneName: mixamorig10:LeftForeArm
BoneIndex: 8
BoneParentIndex: 68
BoneChildrenCount: 1
69
1.000000 0.000000 -0.000000 0.000000
0.000000 1.000000 -0.000000 0.000000
-0.000000 -0.000000 1.000000 -0.000000
0.000000 0.000000 -0.000000 1.000000
0.055176 0.998200 -0.023502 0.000000
-0.009703 0.024072 0.999663 0.000000
0.998429 -0.054929 0.011014 -0.000000
-0.031526 -0.415109 -1.432717 1.000000
BoneName: mixamorig10:LeftHand
BoneIndex: 9
BoneParentIndex: 71
BoneChildrenCount: 5
72
82
92
102
112
1.000000 0.000000 -0.000000 0.000000
0.000000 1.000000 -0.000000 0.000000
-0.000000 -0.000000 1.000000 -0.000000
0.000000 0.000000 -0.000000 1.000000
-0.036863 0.998654 0.036479 0.000000
-0.043471 -0.038071 0.998329 0.000000
0.998374 0.035216 0.044816 -0.000000
0.079096 -0.614562 -1.471281 1.000000
BoneName: mixamorig10:LeftHandThumb1
BoneIndex: 10
BoneParentIndex: 74
BoneChildrenCount: 1
75
1.000000 0.000000 -0.000000 0.000000
0.000000 1.000000 -0.000000 0.000000
-0.000000 -0.000000 1.000000 -0.000000
0.000000 0.000000 -0.000000 1.000000
0.405170 0.824259 0.395517 0.000000
-0.055770 -0.409528 0.910591 0.000000
0.912539 -0.391002 -0.119960 -0.000000
-0.183123 0.009552 -1.583412 1.000000
BoneName: mixamorig10:LeftHandThumb2
BoneIndex: 11
BoneParentIndex: 77
BoneChildrenCount: 1
78
1.000000 0.000000 -0.000000 0.000000
0.000000 1.000000 -0.000000 0.000000
-0.000000 -0.000000 1.000000 -0.000000
0.000000 0.000000 -0.000000 1.000000
0.405170 0.805813 0.431860 0.000000
-0.055770 -0.449705 0.891434 0.000000
0.912539 -0.385267 -0.137267 -0.000000
-0.170702 0.052422 -1.582648 1.000000
BoneName: mixamorig10:LeftHandThumb3
BoneIndex: 12
BoneParentIndex: 80
BoneChildrenCount: 1
81
1.000000 0.000000 -0.000000 0.000000
0.000000 1.000000 -0.000000 0.000000
-0.000000 -0.000000 1.000000 -0.000000
0.000000 0.000000 -0.000000 1.000000
0.405170 0.822103 0.399981 0.000000
-0.055770 -0.414460 0.908357 0.000000
0.912539 -0.390346 -0.122079 -0.000000
-0.170435 -0.048447 -1.581965 1.000000
BoneName: mixamorig10:LeftHandIndex1
BoneIndex: 13
BoneParentIndex: 84
BoneChildrenCount: 1
85
1.000000 0.000000 -0.000000 0.000000
0.000000 1.000000 -0.000000 0.000000
-0.000000 -0.000000 1.000000 -0.000000
0.000000 0.000000 -0.000000 1.000000
0.061765 0.988511 0.137954 0.000000
-0.047013 -0.135184 0.989705 0.000000
0.996983 -0.067615 0.038123 -0.000000
0.045370 -0.548915 -1.535220 1.000000
BoneName: mixamorig10:LeftHandIndex2
BoneIndex: 14
BoneParentIndex: 87
BoneChildrenCount: 1
88
1.000000 0.000000 -0.000000 0.000000
0.000000 1.000000 -0.000000 0.000000
-0.000000 -0.000000 1.000000 -0.000000
0.000000 0.000000 -0.000000 1.000000
0.061765 0.911296 0.407093 0.000000
-0.047013 -0.404763 0.913212 0.000000
0.996983 -0.075543 0.017842 -0.000000
0.044668 -0.135433 -1.637262 1.000000
BoneName: mixamorig10:LeftHandIndex3
BoneIndex: 15
BoneParentIndex: 90
BoneChildrenCount: 1
91
1.000000 0.000000 -0.000000 0.000000
0.000000 1.000000 -0.000000 0.000000
-0.000000 -0.000000 1.000000 -0.000000
0.000000 0.000000 -0.000000 1.000000
0.061765 0.796529 0.601438 0.000000
-0.047013 -0.599597 0.798920 0.000000
0.996983 -0.077621 0.000413 -0.000000
0.044733 0.202206 -1.633598 1.000000
BoneName: mixamorig10:LeftHandMiddle1
BoneIndex: 16
BoneParentIndex: 94
BoneChildrenCount: 1
95
1.000000 0.000000 -0.000000 0.000000
0.000000 1.000000 -0.000000 0.000000
-0.000000 -0.000000 1.000000 -0.000000
0.000000 0.000000 -0.000000 1.000000
0.048885 0.987562 0.149434 0.000000
-0.046575 -0.147196 0.988010 0.000000
0.997718 -0.055259 0.038800 -0.000000
0.029412 -0.532287 -1.544623 1.000000
BoneName: mixamorig10:LeftHandMiddle2
BoneIndex: 17
BoneParentIndex: 97
BoneChildrenCount: 1
98
1.000000 0.000000 -0.000000 0.000000
0.000000 1.000000 -0.000000 0.000000
-0.000000 -0.000000 1.000000 -0.000000
0.000000 0.000000 -0.000000 1.000000
0.048885 0.919241 0.390649 0.000000
-0.046575 -0.388593 0.920232 0.000000
0.997718 -0.063180 0.023817 -0.000000
0.028772 -0.167952 -1.638047 1.000000
BoneName: mixamorig10:LeftHandMiddle3
BoneIndex: 18
BoneParentIndex: 100
BoneChildrenCount: 1
101
1.000000 0.000000 -0.000000 0.000000
0.000000 1.000000 -0.000000 0.000000
-0.000000 -0.000000 1.000000 -0.000000
0.000000 0.000000 -0.000000 1.000000
0.048885 0.812070 0.581508 0.000000
-0.046575 -0.579718 0.813485 0.000000
0.997718 -0.066851 0.009483 -0.000000
0.028819 0.157822 -1.643126 1.000000
BoneName: mixamorig10:LeftHandRing1
BoneIndex: 19
BoneParentIndex: 104
BoneChildrenCount: 1
105
1.000000 0.000000 -0.000000 0.000000
0.000000 1.000000 -0.000000 0.000000
-0.000000 -0.000000 1.000000 -0.000000
0.000000 0.000000 -0.000000 1.000000
-0.012095 0.965250 0.261048 0.000000
-0.044402 -0.261328 0.964228 0.000000
0.998941 0.000071 0.046019 -0.000000
0.048530 -0.354013 -1.595614 1.000000
BoneName: mixamorig10:LeftHandRing2
BoneIndex: 20
BoneParentIndex: 107
BoneChildrenCount: 1
108
1.000000 0.000000 -0.000000 0.000000
0.000000 1.000000 -0.000000 0.000000
-0.000000 -0.000000 1.000000 -0.000000
0.000000 0.000000 -0.000000 1.000000
-0.012095 0.904400 0.426514 0.000000
-0.044402 -0.426610 0.903345 0.000000
0.998941 -0.008012 0.045317 -0.000000
0.048300 -0.097693 -1.638234 1.000000
BoneName: mixamorig10:LeftHandRing3
BoneIndex: 21
BoneParentIndex: 110
BoneChildrenCount: 1
111
1.000000 0.000000 -0.000000 0.000000
0.000000 1.000000 -0.000000 0.000000
-0.000000 -0.000000 1.000000 -0.000000
0.000000 0.000000 -0.000000 1.000000
-0.012095 0.841035 0.540845 0.000000
-0.044402 -0.540803 0.839977 0.000000
0.998941 -0.013855 0.043884 -0.000000
0.048328 0.089529 -1.640574 1.000000
BoneName: mixamorig10:LeftHandPinky1
BoneIndex: 22
BoneParentIndex: 114
BoneChildrenCount: 1
115
1.000000 0.000000 -0.000000 0.000000
0.000000 1.000000 -0.000000 0.000000
-0.000000 -0.000000 1.000000 -0.000000
0.000000 0.000000 -0.000000 1.000000
-0.197619 0.975428 0.097399 0.000000
-0.036754 -0.106661 0.993616 0.000000
0.979590 0.192777 0.056929 -0.000000
0.156965 -0.579609 -1.509782 1.000000
BoneName: mixamorig10:LeftHandPinky2
BoneIndex: 23
BoneParentIndex: 117
BoneChildrenCount: 1
118
1.000000 0.000000 -0.000000 0.000000
0.000000 1.000000 -0.000000 0.000000
-0.000000 -0.000000 1.000000 -0.000000
0.000000 0.000000 -0.000000 1.000000
-0.197619 0.899715 0.389177 0.000000
-0.036754 -0.403528 0.914229 0.000000
0.979590 0.166365 0.112813 -0.000000
0.157131 -0.121633 -1.623499 1.000000
BoneName: mixamorig10:LeftHandPinky3
BoneIndex: 24
BoneParentIndex: 120
BoneChildrenCount: 1
121
1.000000 0.000000 -0.000000 0.000000
0.000000 1.000000 -0.000000 0.000000
-0.000000 -0.000000 1.000000 -0.000000
0.000000 0.000000 -0.000000 1.000000
-0.197619 0.795923 0.572236 0.000000
-0.036754 -0.589353 0.807039 0.000000
0.979590 0.138454 0.145721 -0.000000
0.157104 0.202979 -1.617446 1.000000
BoneName: mixamorig10:RightShoulder
BoneIndex: 25
BoneParentIndex: 124
BoneChildrenCount: 1
125
1.000000 0.000000 -0.000000 0.000000
0.000000 1.000000 -0.000000 0.000000
-0.000000 -0.000000 1.000000 -0.000000
0.000000 0.000000 -0.000000 1.000000
-0.005548 -0.942743 -0.333474 0.000000
0.031144 -0.333480 0.942243 0.000000
-0.999500 -0.005158 0.031211 -0.000000
-0.042985 0.446099 -1.416261 1.000000
BoneName: mixamorig10:RightArm
BoneIndex: 26
BoneParentIndex: 127
BoneChildrenCount: 1
128
1.000000 0.000000 -0.000000 0.000000
0.000000 1.000000 -0.000000 0.000000
-0.000000 -0.000000 1.000000 -0.000000
0.000000 0.000000 -0.000000 1.000000
-0.092697 -0.995356 -0.025956 0.000000
0.000174 -0.026085 0.999660 0.000000
-0.995694 0.092660 0.002592 -0.000000
-0.011728 -0.117511 -1.451419 1.000000
BoneName: mixamorig10:RightForeArm
BoneIndex: 27
BoneParentIndex: 130
BoneChildrenCount: 1
131
1.000000 0.000000 -0.000000 0.000000
0.000000 1.000000 -0.000000 0.000000
-0.000000 -0.000000 1.000000 -0.000000
0.000000 0.000000 -0.000000 1.000000
0.051850 -0.998370 0.023841 0.000000
0.003935 0.024077 0.999702 0.000000
-0.998647 -0.051740 0.005177 -0.000000
0.038199 -0.415278 -1.432499 1.000000
BoneName: mixamorig10:RightHand
BoneIndex: 28
BoneParentIndex: 133
BoneChildrenCount: 5
134
144
154
164
174
1.000000 0.000000 -0.000000 0.000000
0.000000 1.000000 -0.000000 0.000000
-0.000000 -0.000000 1.000000 -0.000000
0.000000 0.000000 -0.000000 1.000000
-0.023498 -0.999056 -0.036538 0.000000
0.043835 -0.037543 0.998333 0.000000
-0.998762 0.021857 0.044675 -0.000000
-0.070116 -0.615493 -1.471351 1.000000
BoneName: mixamorig10:RightHandThumb1
BoneIndex: 29
BoneParentIndex: 136
BoneChildrenCount: 1
137
1.000000 0.000000 -0.000000 0.000000
0.000000 1.000000 -0.000000 0.000000
-0.000000 -0.000000 1.000000 -0.000000
0.000000 0.000000 -0.000000 1.000000
0.419790 -0.819423 -0.390286 0.000000
0.055903 -0.405849 0.912229 0.000000
-0.905898 -0.404762 -0.124563 -0.000000
0.193629 0.006994 -1.582171 1.000000
BoneName: mixamorig10:RightHandThumb2
BoneIndex: 30
BoneParentIndex: 139
BoneChildrenCount: 1
140
1.000000 0.000000 -0.000000 0.000000
0.000000 1.000000 -0.000000 0.000000
-0.000000 -0.000000 1.000000 -0.000000
0.000000 0.000000 -0.000000 1.000000
0.419790 -0.798119 -0.432184 0.000000
0.055903 -0.452531 0.889995 0.000000
-0.905898 -0.397771 -0.145351 -0.000000
0.181577 0.060567 -1.581156 1.000000
BoneName: mixamorig10:RightHandThumb3
BoneIndex: 31
BoneParentIndex: 142
BoneChildrenCount: 1
143
1.000000 0.000000 -0.000000 0.000000
0.000000 1.000000 -0.000000 0.000000
-0.000000 -0.000000 1.000000 -0.000000
0.000000 0.000000 -0.000000 1.000000
0.419790 -0.809898 -0.409686 0.000000
0.055903 -0.427455 0.902307 0.000000
-0.905898 -0.401682 -0.134165 -0.000000
0.181368 -0.022541 -1.581144 1.000000
BoneName: mixamorig10:RightHandIndex1
BoneIndex: 32
BoneParentIndex: 146
BoneChildrenCount: 1
147
1.000000 0.000000 -0.000000 0.000000
0.000000 1.000000 -0.000000 0.000000
-0.000000 -0.000000 1.000000 -0.000000
0.000000 0.000000 -0.000000 1.000000
0.043116 -0.981401 -0.187066 0.000000
0.046238 -0.185079 0.981635 0.000000
-0.997999 -0.050973 0.037399 -0.000000
-0.059441 -0.473629 -1.561670 1.000000
BoneName: mixamorig10:RightHandIndex2
BoneIndex: 33
BoneParentIndex: 149
BoneChildrenCount: 1
150
1.000000 0.000000 -0.000000 0.000000
0.000000 1.000000 -0.000000 0.000000
-0.000000 -0.000000 1.000000 -0.000000
0.000000 0.000000 -0.000000 1.000000
0.043116 -0.902491 -0.428545 0.000000
0.046238 -0.426682 0.903219 0.000000
-0.998000 -0.058758 0.023333 -0.000000
-0.058859 -0.099285 -1.639723 1.000000
BoneName: mixamorig10:RightHandIndex3
BoneIndex: 34
BoneParentIndex: 152
BoneChildrenCount: 1
153
1.000000 0.000000 -0.000000 0.000000
0.000000 1.000000 -0.000000 0.000000
-0.000000 -0.000000 1.000000 -0.000000
0.000000 0.000000 -0.000000 1.000000
0.043116 -0.837856 -0.544186 0.000000
0.046238 -0.542435 0.838824 0.000000
-0.998000 -0.061329 0.015354 -0.000000
-0.058982 0.085113 -1.642906 1.000000
BoneName: mixamorig10:RightHandMiddle1
BoneIndex: 35
BoneParentIndex: 156
BoneChildrenCount: 1
157
1.000000 0.000000 -0.000000 0.000000
0.000000 1.000000 -0.000000 0.000000
-0.000000 -0.000000 1.000000 -0.000000
0.000000 0.000000 -0.000000 1.000000
0.040566 -0.985153 -0.166820 0.000000
0.046150 -0.164932 0.985225 0.000000
-0.998111 -0.047665 0.038774 -0.000000
-0.035530 -0.505375 -1.554372 1.000000
BoneName: mixamorig10:RightHandMiddle2
BoneIndex: 36
BoneParentIndex: 159
BoneChildrenCount: 1
160
1.000000 0.000000 -0.000000 0.000000
0.000000 1.000000 -0.000000 0.000000
-0.000000 -0.000000 1.000000 -0.000000
0.000000 0.000000 -0.000000 1.000000
0.040566 -0.912856 -0.406261 0.000000
0.046150 -0.404450 0.913395 0.000000
-0.998111 -0.055801 0.025722 -0.000000
-0.034798 -0.140885 -1.640768 1.000000
BoneName: mixamorig10:RightHandMiddle3
BoneIndex: 37
BoneParentIndex: 162
BoneChildrenCount: 1
163
1.000000 0.000000 -0.000000 0.000000
0.000000 1.000000 -0.000000 0.000000
-0.000000 -0.000000 1.000000 -0.000000
0.000000 0.000000 -0.000000 1.000000
0.040566 -0.770760 -0.635833 0.000000
0.046150 -0.634232 0.771764 0.000000
-0.998111 -0.060651 0.009843 -0.000000
-0.034803 0.269066 -1.628170 1.000000
BoneName: mixamorig10:RightHandRing1
BoneIndex: 38
BoneParentIndex: 166
BoneChildrenCount: 1
167
1.000000 0.000000 -0.000000 0.000000
0.000000 1.000000 -0.000000 0.000000
-0.000000 -0.000000 1.000000 -0.000000
0.000000 0.000000 -0.000000 1.000000
-0.041069 -0.984937 -0.167964 0.000000
0.043167 -0.169698 0.984550 0.000000
-0.998223 0.033184 0.049486 -0.000000
-0.069815 -0.499771 -1.552835 1.000000
BoneName: mixamorig10:RightHandRing2
BoneIndex: 39
BoneParentIndex: 169
BoneChildrenCount: 1
170
1.000000 0.000000 -0.000000 0.000000
0.000000 1.000000 -0.000000 0.000000
-0.000000 -0.000000 1.000000 -0.000000
0.000000 0.000000 -0.000000 1.000000
-0.041069 -0.906341 -0.420546 0.000000
0.043167 -0.422118 0.905513 0.000000
-0.998223 0.019034 0.056460 -0.000000
-0.069480 -0.103681 -1.637430 1.000000
BoneName: mixamorig10:RightHandRing3
BoneIndex: 40
BoneParentIndex: 172
BoneChildrenCount: 1
173
1.000000 0.000000 -0.000000 0.000000
0.000000 1.000000 -0.000000 0.000000
-0.000000 -0.000000 1.000000 -0.000000
0.000000 0.000000 -0.000000 1.000000
-0.041069 -0.798642 -0.600403 0.000000
0.043167 -0.601767 0.797504 0.000000
-0.998223 0.006835 0.059189 -0.000000
-0.069513 0.212060 -1.629039 1.000000
BoneName: mixamorig10:RightHandPinky1
BoneIndex: 41
BoneParentIndex: 176
BoneChildrenCount: 1
177
1.000000 0.000000 -0.000000 0.000000
0.000000 1.000000 -0.000000 0.000000
-0.000000 -0.000000 1.000000 -0.000000
0.000000 0.000000 -0.000000 1.000000
-0.189451 -0.966874 -0.171066 0.000000
0.036975 -0.181122 0.982765 0.000000
-0.981194 0.179860 0.070063 -0.000000
-0.150735 -0.467010 -1.551050 1.000000
BoneName: mixamorig10:RightHandPinky2
BoneIndex: 42
BoneParentIndex: 179
BoneChildrenCount: 1
180
1.000000 0.000000 -0.000000 0.000000
0.000000 1.000000 -0.000000 0.000000
-0.000000 -0.000000 1.000000 -0.000000
0.000000 0.000000 -0.000000 1.000000
-0.189450 -0.896733 -0.399972 0.000000
0.036975 -0.413576 0.909719 0.000000
-0.981194 0.157558 0.111508 -0.000000
-0.150797 -0.106465 -1.625123 1.000000
BoneName: mixamorig10:RightHandPinky3
BoneIndex: 43
BoneParentIndex: 182
BoneChildrenCount: 1
183
1.000000 0.000000 -0.000000 0.000000
0.000000 1.000000 -0.000000 0.000000
-0.000000 -0.000000 1.000000 -0.000000
0.000000 0.000000 -0.000000 1.000000
-0.189450 -0.806855 -0.559547 0.000000
0.036975 -0.575325 0.817089 0.000000
-0.981194 0.134109 0.138829 -0.000000
-0.150788 0.173464 -1.621109 1.000000
BoneName: mixamorig10:LeftUpLeg
BoneIndex: 44
BoneParentIndex: 186
BoneChildrenCount: 1
187
1.000000 0.000000 -0.000000 0.000000
0.000000 1.000000 -0.000000 0.000000
-0.000000 -0.000000 1.000000 -0.000000
0.000000 0.000000 -0.000000 1.000000
-0.998653 0.051897 -0.000000 0.000000
-0.051897 -0.998652 0.000386 0.000000
0.000020 0.000386 1.000000 -0.000000
0.153198 0.962166 0.008705 1.000000
BoneName: mixamorig10:LeftLeg
BoneIndex: 45
BoneParentIndex: 189
BoneChildrenCount: 1
190
1.000000 0.000000 -0.000000 0.000000
0.000000 1.000000 -0.000000 0.000000
-0.000000 -0.000000 1.000000 -0.000000
0.000000 0.000000 -0.000000 1.000000
-0.997476 0.070695 -0.006538 0.000000
-0.070996 -0.993202 0.092246 0.000000
0.000027 0.092478 0.995715 -0.000000
0.163203 0.519871 -0.039339 1.000000
BoneName: mixamorig10:LeftFoot
BoneIndex: 46
BoneParentIndex: 192
BoneChildrenCount: 1
193
1.000000 0.000000 -0.000000 0.000000
0.000000 1.000000 -0.000000 0.000000
-0.000000 -0.000000 1.000000 -0.000000
0.000000 0.000000 -0.000000 1.000000
-0.996741 0.071224 0.037877 0.000000
-0.073948 -0.619071 -0.781846 0.000000
-0.032238 -0.782099 0.622320 -0.000000
0.164392 0.086643 0.070255 1.000000
BoneName: mixamorig10:LeftToeBase
BoneIndex: 47
BoneParentIndex: 195
BoneChildrenCount: 1
196
1.000000 0.000000 -0.000000 0.000000
0.000000 1.000000 -0.000000 0.000000
-0.000000 -0.000000 1.000000 -0.000000
0.000000 0.000000 -0.000000 1.000000
-0.991644 0.119127 -0.049504 0.000000
0.040604 -0.076014 -0.996280 0.000000
-0.122447 -0.989965 0.070542 -0.000000
0.152419 -0.126587 0.027457 1.000000
BoneName: mixamorig10:RightUpLeg
BoneIndex: 48
BoneParentIndex: 199
BoneChildrenCount: 1
200
1.000000 0.000000 -0.000000 0.000000
0.000000 1.000000 -0.000000 0.000000
-0.000000 -0.000000 1.000000 -0.000000
0.000000 0.000000 -0.000000 1.000000
-0.998653 -0.051886 -0.000000 0.000000
0.051876 -0.998453 0.020005 0.000000
-0.001038 0.019978 0.999800 -0.000000
-0.153195 0.962305 -0.002618 1.000000
BoneName: mixamorig10:RightLeg
BoneIndex: 49
BoneParentIndex: 202
BoneChildrenCount: 1
203
1.000000 0.000000 -0.000000 0.000000
0.000000 1.000000 -0.000000 0.000000
-0.000000 -0.000000 1.000000 -0.000000
0.000000 0.000000 -0.000000 1.000000
-0.997484 -0.070744 0.004597 0.000000
0.070879 -0.993888 0.084634 0.000000
-0.001418 0.084747 0.996402 -0.000000
-0.163152 0.520085 -0.036421 1.000000
BoneName: mixamorig10:RightFoot
BoneIndex: 50
BoneParentIndex: 205
BoneChildrenCount: 1
206
1.000000 0.000000 -0.000000 0.000000
0.000000 1.000000 -0.000000 0.000000
-0.000000 -0.000000 1.000000 -0.000000
0.000000 0.000000 -0.000000 1.000000
-0.996728 -0.072098 -0.036532 0.000000
0.073763 -0.626649 -0.775803 0.000000
0.033041 -0.775959 0.629917 -0.000000
-0.164314 0.085435 0.070977 1.000000
BoneName: mixamorig10:RightToeBase
BoneIndex: 51
BoneParentIndex: 208
BoneChildrenCount: 1
209
1.000000 0.000000 -0.000000 0.000000
0.000000 1.000000 -0.000000 0.000000
-0.000000 -0.000000 1.000000 -0.000000
0.000000 0.000000 -0.000000 1.000000
-0.991810 -0.119111 0.046097 0.000000
-0.037188 -0.075971 -0.996416 0.000000
0.122186 -0.989970 0.070919 -0.000000
-0.152566 -0.126173 0.026903 1.000000
BoneName: RootNode
BoneIndex: 52
BoneParentIndex: -1
BoneChildrenCount: 2
0
210
1.000000 0.000000 -0.000000 0.000000
0.000000 1.000000 -0.000000 0.000000
-0.000000 -0.000000 1.000000 -0.000000
0.000000 0.000000 -0.000000 1.000000
1.000000 0.000000 0.000000 0.000000
0.000000 1.000000 0.000000 0.000000
0.000000 0.000000 1.000000 0.000000
0.000000 0.000000 0.000000 1.000000
BoneName: mixamorig10:Spine_$AssimpFbx$_Translation
BoneIndex: 53
BoneParentIndex: 0
BoneChildrenCount: 1
54
1.000000 0.000000 -0.000000 0.000000
0.000000 1.000000 -0.000000 0.000000
-0.000000 -0.000000 1.000000 -0.000000
0.000000 0.096050 0.003000 1.000000
1.000000 0.000000 0.000000 0.000000
0.000000 1.000000 0.000000 0.000000
0.000000 0.000000 1.000000 0.000000
0.000000 0.000000 0.000000 1.000000
BoneName: mixamorig10:Spine_$AssimpFbx$_PreRotation
BoneIndex: 54
BoneParentIndex: 53
BoneChildrenCount: 1
55
1.000000 0.000000 -0.000000 0.000000
0.000000 0.999513 0.031218 0.000000
-0.000000 -0.031218 0.999513 -0.000000
0.000000 0.000000 -0.000000 1.000000
1.000000 0.000000 0.000000 0.000000
0.000000 1.000000 0.000000 0.000000
0.000000 0.000000 1.000000 0.000000
0.000000 0.000000 0.000000 1.000000
BoneName: mixamorig10:Spine_$AssimpFbx$_Rotation
BoneIndex: 55
BoneParentIndex: 54
BoneChildrenCount: 1
1
1.000000 0.000000 -0.000000 0.000000
0.000000 1.000000 -0.000000 0.000000
-0.000000 -0.000000 1.000000 -0.000000
0.000000 0.000000 -0.000000 1.000000
1.000000 0.000000 0.000000 0.000000
0.000000 1.000000 0.000000 0.000000
0.000000 0.000000 1.000000 0.000000
0.000000 0.000000 0.000000 1.000000
BoneName: mixamorig10:Neck_$AssimpFbx$_Translation
BoneIndex: 56
BoneParentIndex: 3
BoneChildrenCount: 1
57
1.000000 0.000000 -0.000000 0.000000
0.000000 1.000000 -0.000000 0.000000
-0.000000 -0.000000 1.000000 -0.000000
0.000000 0.144145 -0.000000 1.000000
1.000000 0.000000 0.000000 0.000000
0.000000 1.000000 0.000000 0.000000
0.000000 0.000000 1.000000 0.000000
0.000000 0.000000 0.000000 1.000000
BoneName: mixamorig10:Neck_$AssimpFbx$_PreRotation
BoneIndex: 57
BoneParentIndex: 56
BoneChildrenCount: 1
58
1.000000 0.000000 -0.000000 0.000000
0.000000 0.999513 -0.031218 0.000000
-0.000000 0.031218 0.999513 -0.000000
0.000000 0.000000 -0.000000 1.000000
1.000000 0.000000 0.000000 0.000000
0.000000 1.000000 0.000000 0.000000
0.000000 0.000000 1.000000 0.000000
0.000000 0.000000 0.000000 1.000000
BoneName: mixamorig10:Neck_$AssimpFbx$_Rotation
BoneIndex: 58
BoneParentIndex: 57
BoneChildrenCount: 1
4
1.000000 0.000000 -0.000000 0.000000
0.000000 1.000000 -0.000000 0.000000
-0.000000 -0.000000 1.000000 -0.000000
0.000000 0.000000 -0.000000 1.000000
1.000000 0.000000 0.000000 0.000000
0.000000 1.000000 0.000000 0.000000
0.000000 0.000000 1.000000 0.000000
0.000000 0.000000 0.000000 1.000000
BoneName: mixamorig10:HeadTop_End
BoneIndex: 59
BoneParentIndex: 5
BoneChildrenCount: 0
1.000000 0.000000 -0.000000 0.000000
0.000000 1.000000 -0.000000 0.000000
-0.000000 -0.000000 1.000000 -0.000000
0.000000 0.237894 -0.059273 1.000000
1.000000 0.000000 0.000000 0.000000
0.000000 1.000000 0.000000 0.000000
0.000000 0.000000 1.000000 0.000000
0.000000 0.000000 0.000000 1.000000
BoneName: mixamorig10:LeftShoulder_$AssimpFbx$_Translation
BoneIndex: 60
BoneParentIndex: 3
BoneChildrenCount: 1
61
1.000000 0.000000 -0.000000 0.000000
0.000000 1.000000 -0.000000 0.000000
-0.000000 -0.000000 1.000000 -0.000000
0.051968 0.126138 0.000846 1.000000
1.000000 0.000000 0.000000 0.000000
0.000000 1.000000 0.000000 0.000000
0.000000 0.000000 1.000000 0.000000
0.000000 0.000000 0.000000 1.000000
BoneName: mixamorig10:LeftShoulder_$AssimpFbx$_PreRotation
BoneIndex: 61
BoneParentIndex: 60
BoneChildrenCount: 1
62
-0.016481 0.000081 0.999864 0.000000
0.942743 -0.333157 0.015566 0.000000
0.333113 0.942871 0.005415 -0.000000
0.000000 0.000000 -0.000000 1.000000
1.000000 0.000000 0.000000 0.000000
0.000000 1.000000 0.000000 0.000000
0.000000 0.000000 1.000000 0.000000
0.000000 0.000000 0.000000 1.000000
BoneName: mixamorig10:LeftShoulder_$AssimpFbx$_Rotation
BoneIndex: 62
BoneParentIndex: 61
BoneChildrenCount: 1
6
1.000000 0.000000 -0.000000 0.000000
0.000000 1.000000 -0.000000 0.000000
-0.000000 -0.000000 1.000000 -0.000000
0.000000 0.000000 -0.000000 1.000000
1.000000 0.000000 0.000000 0.000000
0.000000 1.000000 0.000000 0.000000
0.000000 0.000000 1.000000 0.000000
0.000000 0.000000 0.000000 1.000000
BoneName: mixamorig10:LeftArm_$AssimpFbx$_Translation
BoneIndex: 63
BoneParentIndex: 6
BoneChildrenCount: 1
64
1.000000 0.000000 -0.000000 0.000000
0.000000 1.000000 -0.000000 0.000000
-0.000000 -0.000000 1.000000 -0.000000
-0.000000 0.110060 0.000000 1.000000
1.000000 0.000000 0.000000 0.000000
0.000000 1.000000 0.000000 0.000000
0.000000 0.000000 1.000000 0.000000
0.000000 0.000000 0.000000 1.000000
BoneName: mixamorig10:LeftArm_$AssimpFbx$_PreRotation
BoneIndex: 64
BoneParentIndex: 63
BoneChildrenCount: 1
65
0.997189 -0.074925 -0.000000 0.000000
0.071230 0.948007 0.310176 0.000000
-0.023240 -0.309304 0.950679 -0.000000
0.000000 0.000000 -0.000000 1.000000
1.000000 0.000000 0.000000 0.000000
0.000000 1.000000 0.000000 0.000000
0.000000 0.000000 1.000000 0.000000
0.000000 0.000000 0.000000 1.000000
BoneName: mixamorig10:LeftArm_$AssimpFbx$_Rotation
BoneIndex: 65
BoneParentIndex: 64
BoneChildrenCount: 1
7
1.000000 0.000000 -0.000000 0.000000
0.000000 1.000000 -0.000000 0.000000
-0.000000 -0.000000 1.000000 -0.000000
0.000000 0.000000 -0.000000 1.000000
1.000000 0.000000 0.000000 0.000000
0.000000 1.000000 0.000000 0.000000
0.000000 0.000000 1.000000 0.000000
0.000000 0.000000 0.000000 1.000000
BoneName: mixamorig10:LeftForeArm_$AssimpFbx$_Translation
BoneIndex: 66
BoneParentIndex: 7
BoneChildrenCount: 1
67
1.000000 0.000000 -0.000000 0.000000
0.000000 1.000000 -0.000000 0.000000
-0.000000 -0.000000 1.000000 -0.000000
0.000000 0.227643 0.000000 1.000000
1.000000 0.000000 0.000000 0.000000
0.000000 1.000000 0.000000 0.000000
0.000000 0.000000 1.000000 0.000000
0.000000 0.000000 0.000000 1.000000
BoneName: mixamorig10:LeftForeArm_$AssimpFbx$_PreRotation
BoneIndex: 67
BoneParentIndex: 66
BoneChildrenCount: 1
68
0.989874 0.141950 -0.000000 0.000000
-0.141779 0.988683 0.049034 0.000000
0.006960 -0.048538 0.998797 -0.000000
0.000000 0.000000 -0.000000 1.000000
1.000000 0.000000 0.000000 0.000000
0.000000 1.000000 0.000000 0.000000
0.000000 0.000000 1.000000 0.000000
0.000000 0.000000 0.000000 1.000000
BoneName: mixamorig10:LeftForeArm_$AssimpFbx$_Rotation
BoneIndex: 68
BoneParentIndex: 67
BoneChildrenCount: 1
8
1.000000 0.000000 -0.000000 0.000000
0.000000 1.000000 -0.000000 0.000000
-0.000000 -0.000000 1.000000 -0.000000
0.000000 0.000000 -0.000000 1.000000
1.000000 0.000000 0.000000 0.000000
0.000000 1.000000 0.000000 0.000000
0.000000 0.000000 1.000000 0.000000
0.000000 0.000000 0.000000 1.000000
BoneName: mixamorig10:LeftHand_$AssimpFbx$_Translation
BoneIndex: 69
BoneParentIndex: 8
BoneChildrenCount: 1
70
1.000000 0.000000 -0.000000 0.000000
0.000000 1.000000 -0.000000 0.000000
-0.000000 -0.000000 1.000000 -0.000000
-0.000000 0.288410 -0.000000 1.000000
1.000000 0.000000 0.000000 0.000000
0.000000 1.000000 0.000000 0.000000
0.000000 0.000000 1.000000 0.000000
0.000000 0.000000 0.000000 1.000000
BoneName: mixamorig10:LeftHand_$AssimpFbx$_PreRotation
BoneIndex: 70
BoneParentIndex: 69
BoneChildrenCount: 1
71
0.995194 -0.092684 -0.031595 0.000000
0.090632 0.994006 -0.061141 0.000000
0.037072 0.057983 0.997629 -0.000000
0.000000 0.000000 -0.000000 1.000000
1.000000 0.000000 0.000000 0.000000
0.000000 1.000000 0.000000 0.000000
0.000000 0.000000 1.000000 0.000000
0.000000 0.000000 0.000000 1.000000
BoneName: mixamorig10:LeftHand_$AssimpFbx$_Rotation
BoneIndex: 71
BoneParentIndex: 70
BoneChildrenCount: 1
9
1.000000 0.000000 -0.000000 0.000000
0.000000 1.000000 -0.000000 0.000000
-0.000000 -0.000000 1.000000 -0.000000
0.000000 0.000000 -0.000000 1.000000
1.000000 0.000000 0.000000 0.000000
0.000000 1.000000 0.000000 0.000000
0.000000 0.000000 1.000000 0.000000
0.000000 0.000000 0.000000 1.000000
BoneName: mixamorig10:LeftHandThumb1_$AssimpFbx$_Translation
BoneIndex: 72
BoneParentIndex: 9
BoneChildrenCount: 1
73
1.000000 0.000000 -0.000000 0.000000
0.000000 1.000000 -0.000000 0.000000
-0.000000 -0.000000 1.000000 -0.000000
-0.027913 0.021769 -0.013731 1.000000
1.000000 0.000000 0.000000 0.000000
0.000000 1.000000 0.000000 0.000000
0.000000 0.000000 1.000000 0.000000
0.000000 0.000000 0.000000 1.000000
BoneName: mixamorig10:LeftHandThumb1_$AssimpFbx$_PreRotation
BoneIndex: 73
BoneParentIndex: 72
BoneChildrenCount: 1
74
0.898544 0.438884 -0.000000 0.000000
-0.402949 0.824972 -0.396300 0.000000
-0.173930 0.356092 0.918121 -0.000000
0.000000 0.000000 -0.000000 1.000000
1.000000 0.000000 0.000000 0.000000
0.000000 1.000000 0.000000 0.000000
0.000000 0.000000 1.000000 0.000000
0.000000 0.000000 0.000000 1.000000
BoneName: mixamorig10:LeftHandThumb1_$AssimpFbx$_Rotation
BoneIndex: 74
BoneParentIndex: 73
BoneChildrenCount: 1
10
1.000000 0.000000 -0.000000 0.000000
0.000000 1.000000 -0.000000 0.000000
-0.000000 -0.000000 1.000000 -0.000000
0.000000 0.000000 -0.000000 1.000000
1.000000 0.000000 0.000000 0.000000
0.000000 1.000000 0.000000 0.000000
0.000000 0.000000 1.000000 0.000000
0.000000 0.000000 0.000000 1.000000
BoneName: mixamorig10:LeftHandThumb2_$AssimpFbx$_Translation
BoneIndex: 75
BoneParentIndex: 10
BoneChildrenCount: 1
76
1.000000 0.000000 -0.000000 0.000000
0.000000 1.000000 -0.000000 0.000000
-0.000000 -0.000000 1.000000 -0.000000
-0.012422 0.027718 -0.000000 1.000000
1.000000 0.000000 0.000000 0.000000
0.000000 1.000000 0.000000 0.000000
0.000000 0.000000 1.000000 0.000000
0.000000 0.000000 0.000000 1.000000
BoneName: mixamorig10:LeftHandThumb2_$AssimpFbx$_PreRotation
BoneIndex: 76
BoneParentIndex: 75
BoneChildrenCount: 1
77
1.000000 0.000000 -0.000000 0.000000
0.000000 0.999006 -0.044569 0.000000
-0.000000 0.044569 0.999006 -0.000000
0.000000 0.000000 -0.000000 1.000000
1.000000 0.000000 0.000000 0.000000
0.000000 1.000000 0.000000 0.000000
0.000000 0.000000 1.000000 0.000000
0.000000 0.000000 0.000000 1.000000
BoneName: mixamorig10:LeftHandThumb2_$AssimpFbx$_Rotation
BoneIndex: 77
BoneParentIndex: 76
BoneChildrenCount: 1
11
1.000000 0.000000 -0.000000 0.000000
0.000000 1.000000 -0.000000 0.000000
-0.000000 -0.000000 1.000000 -0.000000
0.000000 0.000000 -0.000000 1.000000
1.000000 0.000000 0.000000 0.000000
0.000000 1.000000 0.000000 0.000000
0.000000 0.000000 1.000000 0.000000
0.000000 0.000000 0.000000 1.000000
BoneName: mixamorig10:LeftHandThumb3_$AssimpFbx$_Translation
BoneIndex: 78
BoneParentIndex: 11
BoneChildrenCount: 1
79
1.000000 0.000000 -0.000000 0.000000
0.000000 1.000000 -0.000000 0.000000
-0.000000 -0.000000 1.000000 -0.000000
-0.000266 0.038897 -0.000000 1.000000
1.000000 0.000000 0.000000 0.000000
0.000000 1.000000 0.000000 0.000000
0.000000 0.000000 1.000000 0.000000
0.000000 0.000000 0.000000 1.000000
BoneName: mixamorig10:LeftHandThumb3_$AssimpFbx$_PreRotation
BoneIndex: 79
BoneParentIndex: 78
BoneChildrenCount: 1
80
1.000000 0.000000 -0.000000 0.000000
0.000000 0.999233 0.039151 0.000000
-0.000000 -0.039151 0.999233 -0.000000
0.000000 0.000000 -0.000000 1.000000
1.000000 0.000000 0.000000 0.000000
0.000000 1.000000 0.000000 0.000000
0.000000 0.000000 1.000000 0.000000
0.000000 0.000000 0.000000 1.000000
BoneName: mixamorig10:LeftHandThumb3_$AssimpFbx$_Rotation
BoneIndex: 80
BoneParentIndex: 79
BoneChildrenCount: 1
12
1.000000 0.000000 -0.000000 0.000000
0.000000 1.000000 -0.000000 0.000000
-0.000000 -0.000000 1.000000 -0.000000
0.000000 0.000000 -0.000000 1.000000
1.000000 0.000000 0.000000 0.000000
0.000000 1.000000 0.000000 0.000000
0.000000 0.000000 1.000000 0.000000
0.000000 0.000000 0.000000 1.000000
BoneName: mixamorig10:LeftHandThumb4
BoneIndex: 81
BoneParentIndex: 12
BoneChildrenCount: 0
1.000000 0.000000 -0.000000 0.000000
0.000000 1.000000 -0.000000 0.000000
-0.000000 -0.000000 1.000000 -0.000000
0.012688 0.038627 -0.000000 1.000000
1.000000 0.000000 0.000000 0.000000
0.000000 1.000000 0.000000 0.000000
0.000000 0.000000 1.000000 0.000000
0.000000 0.000000 0.000000 1.000000
BoneName: mixamorig10:LeftHandIndex1_$AssimpFbx$_Translation
BoneIndex: 82
BoneParentIndex: 9
BoneChildrenCount: 1
83
1.000000 0.000000 -0.000000 0.000000
0.000000 1.000000 -0.000000 0.000000
-0.000000 -0.000000 1.000000 -0.000000
-0.035310 0.080082 -0.000007 1.000000
1.000000 0.000000 0.000000 0.000000
0.000000 1.000000 0.000000 0.000000
0.000000 0.000000 1.000000 0.000000
0.000000 0.000000 0.000000 1.000000
BoneName: mixamorig10:LeftHandIndex1_$AssimpFbx$_PreRotation
BoneIndex: 83
BoneParentIndex: 82
BoneChildrenCount: 1
84
0.995129 0.098581 -0.000000 0.000000
-0.098068 0.989946 -0.101928 0.000000
-0.010048 0.101432 0.994792 -0.000000
0.000000 0.000000 -0.000000 1.000000
1.000000 0.000000 0.000000 0.000000
0.000000 1.000000 0.000000 0.000000
0.000000 0.000000 1.000000 0.000000
0.000000 0.000000 0.000000 1.000000
BoneName: mixamorig10:LeftHandIndex1_$AssimpFbx$_Rotation
BoneIndex: 84
BoneParentIndex: 83
BoneChildrenCount: 1
13
1.000000 0.000000 -0.000000 0.000000
0.000000 1.000000 -0.000000 0.000000
-0.000000 -0.000000 1.000000 -0.000000
0.000000 0.000000 -0.000000 1.000000
1.000000 0.000000 0.000000 0.000000
0.000000 1.000000 0.000000 0.000000
0.000000 0.000000 1.000000 0.000000
0.000000 0.000000 0.000000 1.000000
BoneName: mixamorig10:LeftHandIndex2_$AssimpFbx$_Translation
BoneIndex: 85
BoneParentIndex: 13
BoneChildrenCount: 1
86
1.000000 0.000000 -0.000000 0.000000
0.000000 1.000000 -0.000000 0.000000
-0.000000 -0.000000 1.000000 -0.000000
0.000702 0.035953 0.000000 1.000000
1.000000 0.000000 0.000000 0.000000
0.000000 1.000000 0.000000 0.000000
0.000000 0.000000 1.000000 0.000000
0.000000 0.000000 0.000000 1.000000
BoneName: mixamorig10:LeftHandIndex2_$AssimpFbx$_PreRotation
BoneIndex: 86
BoneParentIndex: 85
BoneChildrenCount: 1
87
1.000000 0.000000 -0.000000 0.000000
0.000000 0.960651 -0.277759 0.000000
-0.000000 0.277759 0.960651 -0.000000
0.000000 0.000000 -0.000000 1.000000
1.000000 0.000000 0.000000 0.000000
0.000000 1.000000 0.000000 0.000000
0.000000 0.000000 1.000000 0.000000
0.000000 0.000000 0.000000 1.000000
BoneName: mixamorig10:LeftHandIndex2_$AssimpFbx$_Rotation
BoneIndex: 87
BoneParentIndex: 86
BoneChildrenCount: 1
14
1.000000 0.000000 -0.000000 0.000000
0.000000 1.000000 -0.000000 0.000000
-0.000000 -0.000000 1.000000 -0.000000
0.000000 0.000000 -0.000000 1.000000
1.000000 0.000000 0.000000 0.000000
0.000000 1.000000 0.000000 0.000000
0.000000 0.000000 1.000000 0.000000
0.000000 0.000000 0.000000 1.000000
BoneName: mixamorig10:LeftHandIndex3_$AssimpFbx$_Translation
BoneIndex: 88
BoneParentIndex: 14
BoneChildrenCount: 1
89
1.000000 0.000000 -0.000000 0.000000
0.000000 1.000000 -0.000000 0.000000
-0.000000 -0.000000 1.000000 -0.000000
-0.000065 0.034572 0.000000 1.000000
1.000000 0.000000 0.000000 0.000000
0.000000 1.000000 0.000000 0.000000
0.000000 0.000000 1.000000 0.000000
0.000000 0.000000 0.000000 1.000000
BoneName: mixamorig10:LeftHandIndex3_$AssimpFbx$_PreRotation
BoneIndex: 89
BoneParentIndex: 88
BoneChildrenCount: 1
90
1.000000 0.000000 -0.000000 0.000000
0.000000 0.974432 -0.224683 0.000000
-0.000000 0.224683 0.974432 -0.000000
0.000000 0.000000 -0.000000 1.000000
1.000000 0.000000 0.000000 0.000000
0.000000 1.000000 0.000000 0.000000
0.000000 0.000000 1.000000 0.000000
0.000000 0.000000 0.000000 1.000000
BoneName: mixamorig10:LeftHandIndex3_$AssimpFbx$_Rotation
BoneIndex: 90
BoneParentIndex: 89
BoneChildrenCount: 1
15
1.000000 0.000000 -0.000000 0.000000
0.000000 1.000000 -0.000000 0.000000
-0.000000 -0.000000 1.000000 -0.000000
0.000000 0.000000 -0.000000 1.000000
1.000000 0.000000 0.000000 0.000000
0.000000 1.000000 0.000000 0.000000
0.000000 0.000000 1.000000 0.000000
0.000000 0.000000 0.000000 1.000000
BoneName: mixamorig10:LeftHandIndex4
BoneIndex: 91
BoneParentIndex: 15
BoneChildrenCount: 0
1.000000 0.000000 -0.000000 0.000000
0.000000 1.000000 -0.000000 0.000000
-0.000000 -0.000000 1.000000 -0.000000
-0.000637 0.033308 -0.000000 1.000000
1.000000 0.000000 0.000000 0.000000
0.000000 1.000000 0.000000 0.000000
0.000000 0.000000 1.000000 0.000000
0.000000 0.000000 0.000000 1.000000
BoneName: mixamorig10:LeftHandMiddle1_$AssimpFbx$_Translation
BoneIndex: 92
BoneParentIndex: 9
BoneChildrenCount: 1
93
1.000000 0.000000 -0.000000 0.000000
0.000000 1.000000 -0.000000 0.000000
-0.000000 -0.000000 1.000000 -0.000000
-0.010562 0.084341 0.003015 1.000000
1.000000 0.000000 0.000000 0.000000
0.000000 1.000000 0.000000 0.000000
0.000000 0.000000 1.000000 0.000000
0.000000 0.000000 0.000000 1.000000
BoneName: mixamorig10:LeftHandMiddle1_$AssimpFbx$_PreRotation
BoneIndex: 93
BoneParentIndex: 92
BoneChildrenCount: 1
94
0.996319 0.085728 -0.000000 0.000000
-0.085175 0.989891 -0.113402 0.000000
-0.009722 0.112985 0.993549 -0.000000
0.000000 0.000000 -0.000000 1.000000
1.000000 0.000000 0.000000 0.000000
0.000000 1.000000 0.000000 0.000000
0.000000 0.000000 1.000000 0.000000
0.000000 0.000000 0.000000 1.000000
BoneName: mixamorig10:LeftHandMiddle1_$AssimpFbx$_Rotation
BoneIndex: 94
BoneParentIndex: 93
BoneChildrenCount: 1
16
1.000000 0.000000 -0.000000 0.000000
0.000000 1.000000 -0.000000 0.000000
-0.000000 -0.000000 1.000000 -0.000000
0.000000 0.000000 -0.000000 1.000000
1.000000 0.000000 0.000000 0.000000
0.000000 1.000000 0.000000 0.000000
0.000000 0.000000 1.000000 0.000000
0.000000 0.000000 0.000000 1.000000
BoneName: mixamorig10:LeftHandMiddle2_$AssimpFbx$_Translation
BoneIndex: 95
BoneParentIndex: 16
BoneChildrenCount: 1
96
1.000000 0.000000 -0.000000 0.000000
0.000000 1.000000 -0.000000 0.000000
-0.000000 -0.000000 1.000000 -0.000000
0.000640 0.038280 0.000000 1.000000
1.000000 0.000000 0.000000 0.000000
0.000000 1.000000 0.000000 0.000000
0.000000 0.000000 1.000000 0.000000
0.000000 0.000000 0.000000 1.000000
BoneName: mixamorig10:LeftHandMiddle2_$AssimpFbx$_PreRotation
BoneIndex: 96
BoneParentIndex: 95
BoneChildrenCount: 1
97
1.000000 0.000000 -0.000000 0.000000
0.000000 0.968499 -0.249019 0.000000
-0.000000 0.249019 0.968499 -0.000000
0.000000 0.000000 -0.000000 1.000000
1.000000 0.000000 0.000000 0.000000
0.000000 1.000000 0.000000 0.000000
0.000000 0.000000 1.000000 0.000000
0.000000 0.000000 0.000000 1.000000
BoneName: mixamorig10:LeftHandMiddle2_$AssimpFbx$_Rotation
BoneIndex: 97
BoneParentIndex: 96
BoneChildrenCount: 1
17
1.000000 0.000000 -0.000000 0.000000
0.000000 1.000000 -0.000000 0.000000
-0.000000 -0.000000 1.000000 -0.000000
0.000000 0.000000 -0.000000 1.000000
1.000000 0.000000 0.000000 0.000000
0.000000 1.000000 0.000000 0.000000
0.000000 0.000000 1.000000 0.000000
0.000000 0.000000 0.000000 1.000000
BoneName: mixamorig10:LeftHandMiddle3_$AssimpFbx$_Translation
BoneIndex: 98
BoneParentIndex: 17
BoneChildrenCount: 1
99
1.000000 0.000000 -0.000000 0.000000
0.000000 1.000000 -0.000000 0.000000
-0.000000 -0.000000 1.000000 -0.000000
-0.000047 0.035942 -0.000000 1.000000
1.000000 0.000000 0.000000 0.000000
0.000000 1.000000 0.000000 0.000000
0.000000 0.000000 1.000000 0.000000
0.000000 0.000000 0.000000 1.000000
BoneName: mixamorig10:LeftHandMiddle3_$AssimpFbx$_PreRotation
BoneIndex: 99
BoneParentIndex: 98
BoneChildrenCount: 1
100
1.000000 0.000000 -0.000000 0.000000
0.000000 0.975986 -0.217832 0.000000
-0.000000 0.217832 0.975986 -0.000000
